Blank OD is 14.7570
Time OD Volume Z Media ODpost
30.53 1.0000 0.0000 200.0000 0.0000 0.0 0.0005
146.77 1.0000 -0.0004 200.0000 0.0000 0.0 0.0003
263.13 1.0000 -0.0003 200.0000 0.0000 0.0 -0.0001
379.41 1.0000 0.3221 200.0000 0.0000 0.0 0.3251
495.70 1.0000 0.3247 200.0000 0.0000 0.0 0.3179
611.92 1.0000 0.3234 200.0000 0.0000 0.0 0.3150
728.18 1.0000 0.3199 200.0000 0.0000 0.0 0.3217
844.51 1.0000 0.3241 200.0000 0.0000 0.0 0.3259
960.76 1.0000 0.3247 200.0000 0.0000 0.0 0.3214
1077.04 1.0000 0.3329 200.0000 0.0000 0.0 0.3349
1193.30 1.0000 0.3352 200.0000 0.0000 0.0 0.3333
1309.51 1.0000 0.3412 200.0000 0.0000 0.0 0.3342
1425.73 1.0000 0.3459 200.0000 0.0000 0.0 0.3432
1542.07 1.0000 0.3515 200.0000 0.0000 0.0 0.3515
1658.34 1.0000 0.3549 200.0000 0.0000 0.0 0.3535
1774.55 1.0000 0.3621 200.0000 0.0000 0.0 0.3604
1890.80 1.0000 0.3663 200.0000 0.0000 0.0 0.3618
2007.06 1.0000 0.3798 200.0000 0.0000 0.0 0.3748
2123.35 1.0000 0.3852 200.0000 0.0000 0.0 0.3806
2239.59 1.0000 0.3903 200.0000 0.0000 0.0 0.3905
2355.91 1.0000 0.3979 200.0000 0.0000 0.0 0.4010
2472.16 1.0000 0.4076 200.0000 0.0000 0.0 0.4055
2588.43 1.0000 0.4180 200.0000 0.0000 0.0 0.4160
2704.74 1.0000 0.4263 200.0000 0.0000 0.0 0.4263
2821.02 1.0000 0.4410 200.0000 0.0000 0.0 0.4334
2937.28 1.0000 0.4483 200.0000 0.0000 0.0 0.4454
3053.47 1.0000 0.4631 200.0000 0.0000 0.0 0.4625
3169.76 1.0000 0.4716 200.0000 0.0000 0.0 0.4760
3285.97 1.0000 0.4843 200.0000 0.0000 0.0 0.4815
3402.17 1.0000 0.5031 200.0000 0.0000 0.0 0.4969
3518.37 1.0000 0.5146 200.0000 0.0000 0.0 0.5085
3634.61 1.0000 0.5283 200.0000 0.0000 0.0 0.5267
3750.85 1.0000 0.5392 200.0000 0.0000 0.0 0.5329
3867.04 1.0000 0.5511 200.0000 0.0000 0.0 0.5562
3983.25 1.0000 0.5709 200.0000 0.0000 0.0 0.5660
4099.48 1.0000 0.5837 200.0000 0.0000 0.0 0.5786
4215.77 1.0000 0.5950 200.0000 0.0000 0.0 0.5986
4331.97 1.0000 0.6181 200.0000 0.0000 0.0 0.6174
4448.20 1.0000 0.6329 200.0000 0.0000 0.0 0.6324
4564.49 1.0000 0.6416 200.0000 0.0000 0.0 0.6490
4680.78 1.0000 0.6597 200.0000 0.0000 0.0 0.6696
4797.04 1.0000 0.6749 200.0000 0.0000 0.0 0.6740
4913.32 1.0000 0.6974 200.0000 0.0000 0.0 0.6913
5029.55 1.0000 0.7224 200.0000 0.0000 0.0 0.7180
5145.75 1.0000 0.7290 200.0000 0.0000 0.0 0.7366
5261.95 1.0000 0.7494 200.0000 0.0000 0.0 0.7385
5378.22 1.0000 0.7602 200.0000 0.0000 0.0 0.7679
5494.50 1.0000 0.7890 200.0000 0.0000 0.0 0.7849
5610.82 1.0000 0.8002 200.0000 0.0000 0.0 0.8058
5727.11 1.0000 0.8223 200.0000 0.0000 0.0 0.8150
5843.42 1.0000 0.8406 200.0000 0.0000 0.0 0.8456
5959.74 1.0000 0.8664 200.0000 0.0000 0.0 0.8579
6075.95 1.0000 0.8823 200.0000 0.0000 0.0 0.8764
6192.25 1.0000 0.9038 200.0000 0.0000 0.0 0.8944
6308.55 1.0000 0.9128 200.0000 0.0000 0.0 0.9216
6424.79 1.0000 0.9355 200.0000 0.0000 0.0 0.9359
6541.07 1.0000 0.9717 200.0000 0.0000 0.0 0.9574
6657.36 1.0000 0.9911 200.0000 0.0000 0.0 0.9786
6773.59 1.0000 1.0118 200.0000 0.5917 0.0 1.0054
6889.79 1.0000 1.0280 200.0000 1.9939 0.0 1.0258
7006.06 1.0000 1.0515 200.0000 4.5698 0.0 1.0367
7122.26 1.0000 1.0621 200.0000 7.6724 0.0 1.0734
7238.51 1.0000 1.0829 260.4329 11.8160 0.0 1.0808
7354.73 1.0000 1.0943 299.4965 16.5320 0.0 1.0770
7471.01 1.0000 1.1100 352.0995 22.0332 0.0 1.1139
7587.27 1.0000 1.1277 411.5048 28.4179 0.0 1.1238
7703.59 1.0000 1.1319 430.8103 35.0145 0.0 1.1353
7819.83 1.0000 1.1385 457.5215 41.9409 0.0 1.1236
7936.11 1.0000 1.1355 455.1774 48.7152 0.0 1.1087
8052.41 1.0000 1.1485 501.7240 56.1416 0.0 1.1283
8168.66 1.0000 1.1493 511.4964 63.6065 0.0 1.1179
8284.93 1.0000 1.1479 514.8535 71.0039 0.0 1.1011
8401.21 1.0000 1.1356 484.6831 77.7856 0.0 1.1196
8517.54 1.0000 1.1358 492.1137 84.5778 0.0 1.1042
8633.84 1.0000 1.1328 489.6494 91.2184 0.0 1.1267
8750.14 1.0000 1.1400 518.1844 98.2178 0.0 1.1136
8866.44 1.0000 1.1421 531.6556 105.3233 0.0 1.1155
8982.74 1.0000 1.1323 508.8893 111.9392 0.0 1.1088
9099.04 1.0000 1.1424 546.3649 119.0609 0.0 1.1074
9215.35 1.0000 1.1266 505.0709 125.3889 0.0 1.1110
9331.65 1.0000 1.1344 535.4529 132.1113 0.0 1.0954
9447.96 1.0000 1.1235 508.7320 138.2854 0.0 1.1009
9564.28 1.0000 1.1306 536.4981 144.8135 0.0 1.0970
9680.48 1.0000 1.1177 503.6538 150.6961 0.0 1.0915
9796.78 1.0000 1.1107 488.4140 156.2325 0.0 1.0845
9913.10 1.0000 1.1223 529.1911 162.3465 0.0 1.1014
10029.32 1.0000 1.1169 518.9829 168.1930 0.0 1.0985
10145.56 1.0000 1.1145 517.4567 173.9187 0.0 1.0897
10261.80 1.0000 1.1146 523.5253 179.6499 0.0 1.0940
10378.05 1.0000 1.1118 520.5914 185.2391 0.0 1.0872
10494.25 1.0000 1.0933 469.9408 189.9064 0.0 1.0827
10610.47 1.0000 1.1003 495.6857 194.9191 0.0 1.0695
10726.69 1.0000 1.1066 520.1606 200.2510 0.0 1.0806
10843.00 1.0000 1.1065 525.2044 205.5781 0.0 1.0805
10959.30 1.0000 1.1008 512.9474 210.6169 0.0 1.0769
11075.61 1.0000 1.0972 506.9886 215.4755 0.0 1.0914
11191.91 1.0000 1.0891 487.1701 219.9295 0.0 1.0669
11308.21 1.0000 1.1039 536.7225 225.1228 0.0 1.0711
11424.47 1.0000 1.1027 538.4389 230.2591 0.0 1.0743
11540.75 1.0000 1.0872 496.1028 234.6172 0.0 1.0497
11656.99 1.0000 1.0817 483.6614 238.6999 0.0 1.0611
11773.26 1.0000 1.0820 488.6826 242.7980 0.0 1.0681
11889.57 1.0000 1.0834 497.2771 246.9698 0.0 1.0705
12005.80 1.0000 1.0836 501.9240 251.1494 0.0 1.0577
12122.08 1.0000 1.0915 530.1263 255.7228 0.0 1.0483
12238.38 1.0000 1.0784 494.7749 259.6416 0.0 1.0687
12354.69 1.0000 1.0699 472.9879 263.1391 0.0 1.0563
12471.00 1.0000 1.0755 493.5152 266.9158 0.0 1.0460
12587.30 1.0000 1.0735 490.9534 270.5885 0.0 1.0551
12703.60 1.0000 1.0797 513.6695 274.5735 0.0 1.0524
12819.92 1.0000 1.0716 492.9800 278.1539 0.0 1.0528
12936.23 1.0000 1.0694 489.8619 281.6245 0.0 1.0587
13052.53 1.0000 1.0678 488.3594 285.0136 0.0 1.0368
13168.85 1.0000 1.0721 504.9712 288.6195 0.0 1.0451
13285.16 1.0000 1.0614 475.9819 291.6910 0.0 1.0409
13401.43 1.0000 1.0652 490.4812 294.9499 0.0 1.0398
13517.72 1.0000 1.0579 471.4277 297.8429 0.0 1.0269
13634.00 1.0000 1.0570 471.5989 300.6914 0.0 1.0542
13750.28 1.0000 1.0538 464.6311 303.3789 0.0 1.0480
13866.59 1.0000 1.0563 475.1966 306.1956 0.0 1.0320
13982.91 1.0000 1.0595 487.5259 309.1682 0.0 1.0459
14099.23 1.0000 1.0488 457.9220 311.6068 0.0 1.0213
14215.53 1.0000 1.0440 445.9557 313.8093 0.0 1.0472
14331.82 1.0000 1.0485 461.8691 316.2365 0.0 1.0243
14448.12 1.0000 1.0513 472.6200 318.8001 0.0 1.0316
14564.40 1.0000 1.0420 446.9944 320.9017 0.0 1.0286
14680.68 1.0000 1.0497 472.6143 323.3888 0.0 1.0212
14796.98 1.0000 1.0562 494.6490 326.1963 0.0 1.0251
14913.30 1.0000 1.0358 435.4544 327.9874 0.0 1.0207
15029.55 1.0000 1.0528 488.9887 330.6268 0.0 1.0348
15145.80 1.0000 1.0530 492.2924 333.2771 0.0 1.0175
15262.00 1.0000 1.0420 461.4944 335.3790 0.0 1.0056
15378.27 1.0000 1.0371 448.4812 337.2331 0.0 1.0216
15494.52 1.0000 1.0331 438.1262 338.8871 0.0 1.0190
15610.78 1.0000 1.0448 475.5717 341.1278 0.0 1.0156
15726.96 1.0000 1.0383 457.9107 343.0423 0.0 1.0265
15843.19 1.0000 1.0344 448.0112 344.7631 0.0 1.0127
15959.51 1.0000 1.0259 423.6156 346.0558 0.0 1.0266
16075.73 1.0000 1.0333 447.6629 347.7215 0.0 1.0174
16192.00 1.0000 1.0301 439.5065 349.2261 0.0 1.0225
16308.32 1.0000 1.0285 436.2441 350.6527 0.0 1.0186
16424.63 1.0000 1.0291 439.2591 352.1052 0.0 1.0253
16540.95 1.0000 1.0406 475.8549 354.1339 0.0 1.0126
16657.25 1.0000 1.0362 464.4018 355.9416 0.0 1.0184
16773.56 1.0000 1.0333 457.6148 357.6083 0.0 1.0070
16889.82 1.0000 1.0349 464.1467 359.3549 0.0 1.0193
17006.10 1.0000 1.0324 458.2806 360.9766 0.0 1.0064
17122.42 1.0000 1.0418 488.5590 363.0681 0.0 1.0114
17238.73 1.0000 1.0222 430.6689 364.1763 0.0 1.0104
17355.03 1.0000 1.0234 435.4019 365.3440 0.0 1.0109
17471.34 1.0000 1.0319 462.6079 366.9385 0.0 1.0112
17587.66 1.0000 1.0275 450.8969 368.3148 0.0 0.9975
17703.99 1.0000 1.0310 462.7876 369.8636 0.0 1.0024
17820.32 1.0000 1.0286 457.2257 371.2957 0.0 1.0055
17936.64 1.0000 1.0257 449.5646 372.5788 0.0 1.0148
18052.92 1.0000 1.0258 451.4001 373.8710 0.0 1.0041
18169.15 1.0000 1.0346 479.3863 375.6007 0.0 1.0016
18285.47 1.0000 1.0068 396.3828 375.9414 0.0 0.9979
18401.76 1.0000 1.0304 468.7502 377.4629 0.0 1.0068
18518.08 1.0000 1.0221 444.9639 378.5695 0.0 1.0075
18634.38 1.0000 1.0212 443.0893 379.6272 0.0 1.0022
18750.69 1.0000 1.0127 418.3218 380.2615 0.0 1.0067
18866.92 1.0000 1.0184 436.3527 381.1810 0.0 1.0086
18983.20 1.0000 1.0288 468.8797 382.6187 0.0 0.9935
19099.50 1.0000 1.0163 432.1830 383.4312 0.0 1.0074
19215.76 1.0000 1.0061 402.0178 383.7359 0.0 0.9999
19332.03 1.0000 1.0187 440.8851 384.6728 0.0 0.9952
19448.36 1.0000 1.0315 480.6818 386.2467 0.0 1.0004
19564.64 1.0000 1.0150 432.1242 386.9988 0.0 1.0018
19680.97 1.0000 1.0061 405.5496 387.3029 0.0 0.9920
19797.26 1.0000 1.0194 446.3942 388.2716 0.0 0.9933
19913.56 1.0000 1.0220 455.2211 389.3692 0.0 0.9900
20029.85 1.0000 1.0149 434.8164 390.1142 0.0 0.9944
20146.18 1.0000 1.0052 406.1166 390.3765 0.0 0.9946
20262.42 1.0000 1.0103 421.8767 390.8929 0.0 1.0036
20378.74 1.0000 1.0129 430.2458 391.5381 0.0 0.9929
20495.04 1.0000 1.0099 421.7745 392.0337 0.0 0.9956
20611.36 1.0000 1.0119 428.3072 392.6284 0.0 0.9920
20727.68 1.0000 1.0202 454.3619 393.6404 0.0 0.9934
20843.98 1.0000 1.0064 413.2423 393.9618 0.0 1.0004
20960.30 1.0000 1.0145 438.1699 394.6865 0.0 0.9998
21076.62 1.0000 1.0179 449.1497 395.5793 0.0 0.9873
21192.90 1.0000 1.0229 465.2855 396.7220 0.0 0.9979
21309.16 1.0000 1.0044 410.1379 396.9420 0.0 1.0060
21425.44 1.0000 1.0137 438.7982 397.6281 0.0 0.9858
21541.66 1.0000 1.0057 414.8631 397.9107 0.0 0.9923
21657.93 1.0000 1.0177 451.9793 398.7971 0.0 0.9919
21774.24 1.0000 1.0056 416.0278 399.0795 0.0 0.9866
21890.55 1.0000 1.0098 429.0883 399.5715 0.0 0.9885
22006.85 1.0000 1.0012 403.3668 399.6337 0.0 0.9912
22123.11 1.0000 1.0175 452.9337 400.5075 0.0 0.9923
22239.30 1.0000 1.0122 437.7012 401.1172 0.0 0.9845
22355.60 1.0000 1.0120 437.8242 401.7190 0.0 0.9859
22471.88 1.0000 1.0011 404.9958 401.7727 0.0 0.9824
22588.20 1.0000 1.0097 431.3512 402.2576 0.0 0.9791
22704.50 1.0000 1.0006 404.0436 402.2868 0.0 0.9904
22820.81 1.0000 1.0079 426.2977 402.6805 0.0 0.9798
22937.03 1.0000 1.0009 405.4756 402.7263 0.0 0.9832
23053.30 1.0000 1.0075 425.6454 403.1020 0.0 0.9885
23169.55 1.0000 0.9922 379.4296 402.7139 0.0 0.9869
23285.80 1.0000 1.0081 427.4312 403.1191 0.0 0.9820
23401.98 1.0000 0.9956 389.7687 402.9003 0.0 0.9869
23518.26 1.0000 1.0083 428.2546 403.3159 0.0 0.9969
23634.54 1.0000 1.0233 474.3367 404.4802 0.0 0.9875
23750.86 1.0000 1.0000 404.4556 404.4798 0.0 0.9827
23867.17 1.0000 0.9945 387.7609 404.2057 0.0 0.9839
23983.45 1.0000 0.9912 377.4649 403.7673 0.0 0.9896
24099.66 1.0000 1.0003 404.7044 403.7827 0.0 0.9823
24215.86 1.0000 1.0014 408.0883 403.8533 0.0 0.9880
24332.06 1.0000 1.0069 424.9143 404.1985 0.0 0.9869
24448.36 1.0000 0.9994 402.3485 404.1682 0.0 0.9902
24564.61 1.0000 1.0095 433.2091 404.6443 0.0 0.9857
24680.89 1.0000 1.0023 411.7380 404.7606 0.0 0.9959
24797.19 1.0000 1.0100 435.2977 405.2612 0.0 0.9744
24913.44 1.0000 0.9985 400.5730 405.1843 0.0 0.9833
25029.65 1.0000 0.9896 373.5163 404.6652 0.0 0.9881
25145.87 1.0000 1.0101 435.3268 405.1678 0.0 0.9767
25262.07 1.0000 0.9894 372.8715 404.6384 0.0 0.9828
25378.27 1.0000 0.9925 381.9140 404.2659 0.0 0.9816
25494.55 1.0000 1.0028 412.6912 404.4040 0.0 0.9894
25610.82 1.0000 1.0016 409.1521 404.4818 0.0 0.9710
25727.04 1.0000 0.9937 385.3722 404.1686 0.0 0.9876
25843.24 1.0000 0.9953 389.9300 403.9351 0.0 0.9776
25959.51 1.0000 0.9991 401.1382 403.8893 0.0 0.9930
26075.76 1.0000 0.9944 386.8768 403.6104 0.0 0.9843
26192.00 1.0000 1.0024 410.7850 403.7280 0.0 0.9856
26308.28 1.0000 1.0176 457.3816 404.6076 0.0 0.9867
26424.58 1.0000 0.9980 398.3616 404.5052 0.0 0.9906
26540.89 1.0000 0.9975 396.7883 404.3787 0.0 0.9793
26657.20 1.0000 1.0046 418.5159 404.6104 0.0 0.9854
26773.52 1.0000 0.9969 395.0801 404.4542 0.0 0.9780
26889.76 1.0000 1.0029 413.1501 404.5967 0.0 0.9801
27006.03 1.0000 0.9945 387.7320 404.3203 0.0 0.9875
27122.34 1.0000 0.9860 361.7267 403.6220 0.0 0.9912
27238.55 1.0000 0.9985 399.1091 403.5480 0.0 0.9728
27354.79 1.0000 1.0014 407.8907 403.6192 0.0 0.9852
27471.00 1.0000 0.9953 389.3172 403.3848 0.0 0.9797
27587.22 1.0000 0.9953 388.9738 403.1485 0.0 0.9695
27703.50 1.0000 1.0097 432.8590 403.6356 0.0 0.9819
27819.82 1.0000 0.9977 396.5922 403.5201 0.0 0.9808
27936.13 1.0000 0.9886 368.8867 402.9524 0.0 0.9890
28052.45 1.0000 0.9839 353.7415 402.1456 0.0 0.9856
28168.77 1.0000 1.0061 420.8827 402.4528 0.0 0.9873
28285.05 1.0000 1.0056 419.6719 402.7351 0.0 0.9792
28401.30 1.0000 0.9807 343.8804 401.7702 0.0 0.9743
28517.55 1.0000 1.0002 402.3853 401.7803 0.0 0.9861
28633.76 1.0000 0.9904 372.3928 401.2986 0.0 0.9969
28749.97 1.0000 0.9963 390.0206 401.1137 0.0 0.9904
28866.25 1.0000 0.9971 392.1819 400.9673 0.0 0.9807
28982.46 1.0000 0.9916 375.3033 400.5465 0.0 1.0001
29098.77 1.0000 0.9961 388.7546 400.3532 0.0 0.9740
29215.08 1.0000 0.9899 369.6083 399.8492 0.0 0.9739
29331.39 1.0000 1.0097 429.3777 400.3333 0.0 0.9758
29447.68 1.0000 0.9910 372.7781 399.8816 0.0 0.9865
29563.94 1.0000 0.9909 371.9754 399.4241 0.0 0.9862
29680.19 1.0000 0.9971 390.4389 399.2768 0.0 0.9789
29796.39 1.0000 1.0132 439.5899 399.9376 0.0 0.9912
29912.61 1.0000 0.9833 349.1349 399.1048 0.0 0.9726
30028.82 1.0000 0.9931 378.0442 398.7596 0.0 0.9825
30145.10 1.0000 1.0017 403.8467 398.8430 0.0 0.9770
30261.41 1.0000 1.0021 405.1617 398.9465 0.0 0.9848
30377.67 1.0000 0.9877 361.5720 398.3338 0.0 0.9734
30493.89 1.0000 0.9981 392.6123 398.2400 0.0 0.9736
30610.17 1.0000 0.9943 380.8984 397.9558 0.0 0.9686
30726.48 1.0000 0.9929 376.2062 397.5992 0.0 0.9873
30842.78 1.0000 0.9861 355.1596 396.9035 0.0 0.9843
30959.09 1.0000 0.9868 356.7076 396.2445 0.0 0.9844
31075.40 1.0000 0.9910 368.8452 395.7954 0.0 0.9724
31191.71 1.0000 0.9912 369.0121 395.3563 0.0 0.9706
31307.94 1.0000 0.9893 362.8457 394.8233 0.0 0.9858
31424.18 1.0000 0.9979 388.5127 394.7199 0.0 0.9654
31540.39 1.0000 0.9936 375.2585 394.4008 0.0 0.9797
31656.61 1.0000 0.9859 351.2729 393.6938 0.0 0.9824
31772.81 1.0000 1.0074 416.2358 394.0634 0.0 0.9698
31889.11 1.0000 0.9926 371.4582 393.6928 0.0 0.9727
32005.42 1.0000 1.0060 412.0425 393.9936 0.0 0.9841
32121.75 1.0000 0.9966 383.7476 393.8256 0.0 0.9712
32238.07 1.0000 0.9769 323.2888 392.6693 0.0 0.9855
32354.38 1.0000 0.9984 387.6914 392.5877 0.0 0.9738
32470.66 1.0000 1.0089 419.6476 393.0313 0.0 0.9685
32586.94 1.0000 1.0007 395.1285 393.0657 0.0 0.9679
32703.25 1.0000 0.9995 391.6362 393.0422 0.0 0.9637
32819.56 1.0000 0.9969 383.7274 392.8895 0.0 0.9747
32935.87 1.0000 0.9858 349.5574 392.1792 0.0 0.9785
33052.18 1.0000 0.9841 343.7756 391.3857 0.0 0.9842
33168.51 1.0000 0.9968 381.5623 391.2246 0.0 0.9735
33284.72 1.0000 0.9908 363.0527 390.7628 0.0 0.9616
33400.99 1.0000 0.9915 364.7920 390.3370 0.0 0.9706
33517.30 1.0000 0.9900 359.7009 389.8348 0.0 0.9819
33633.61 1.0000 1.0010 392.8210 389.8838 0.0 0.9795
33749.92 1.0000 0.9818 334.2781 388.9722 0.0 0.9891
33866.23 1.0000 1.0071 410.5641 389.3262 0.0 0.9672
33982.53 1.0000 0.9952 374.6588 389.0857 0.0 0.9716
34098.84 1.0000 0.9853 344.3908 388.3530 0.0 0.9888
34215.05 1.0000 1.0004 389.6805 388.3748 0.0 0.9817
34331.25 1.0000 1.0014 392.5030 388.4425 0.0 0.9715
34447.55 1.0000 1.0108 421.5195 388.9847 0.0 0.9568
34563.76 1.0000 0.9823 334.9378 388.0987 0.0 0.9759
34679.97 1.0000 0.9916 362.5000 387.6790 0.0 0.9791
34796.17 1.0000 0.9857 344.0624 386.9640 0.0 0.9928
34912.46 1.0000 1.0113 421.3634 387.5279 0.0 0.9751
35028.76 1.0000 0.9870 347.9601 386.8793 0.0 0.9777
35144.99 1.0000 0.9918 361.7256 386.4669 0.0 0.9876
35261.21 1.0000 0.9888 352.1852 385.9049 0.0 0.9760
35377.39 1.0000 0.9901 355.8058 385.4115 0.0 0.9826
35493.68 1.0000 0.9961 373.4984 385.2162 0.0 0.9898
35609.99 1.0000 0.9995 383.6935 385.1912 0.0 0.9688
35726.30 1.0000 0.9903 355.5268 384.7049 0.0 0.9766
35842.62 1.0000 1.0023 391.7566 384.8205 0.0 0.9686
35958.92 1.0000 0.9807 325.8549 383.8539 0.0 0.9926
36075.23 1.0000 1.0231 454.3851 385.0101 0.0 0.9647
36191.53 1.0000 0.9818 329.3696 384.0980 0.0 0.9788
36307.76 1.0000 0.9948 368.3815 383.8404 0.0 0.9804
36424.04 1.0000 1.0056 400.9368 384.1206 0.0 0.9964
36540.31 1.0000 0.9973 375.9261 383.9863 0.0 0.9869
36656.58 1.0000 0.9914 357.6632 383.5548 0.0 0.9752
36772.79 1.0000 0.9911 356.2618 383.1073 0.0 0.9838
36889.05 1.0000 1.0066 403.2801 383.4380 0.0 0.9861
37005.34 1.0000 0.9963 372.1423 383.2529 0.0 0.9687
37121.62 1.0000 0.9869 343.2783 382.5975 0.0 0.9919
37237.89 1.0000 0.9984 377.6160 382.5159 0.0 0.9813
37354.21 1.0000 1.0006 384.3656 382.5462 0.0 0.9856
37470.49 1.0000 0.9946 366.1039 382.2767 0.0 0.9773
37586.79 1.0000 1.0086 408.5764 382.7078 0.0 0.9778
37703.10 1.0000 0.9917 357.4260 382.2933 0.0 0.9907
37819.32 1.0000 1.0038 393.7315 382.4809 0.0 0.9763
37935.62 1.0000 0.9982 377.1145 382.3929 0.0 0.9796
38051.89 1.0000 1.0121 419.2437 382.9970 0.0 0.9887
38168.20 1.0000 0.9911 355.9335 382.5533 0.0 0.9839
38284.47 1.0000 1.0062 401.5267 382.8644 0.0 0.9792
38400.79 1.0000 0.9833 331.9153 382.0291 0.0 0.9733
38517.10 1.0000 0.9968 372.3546 381.8705 0.0 0.9931
38633.42 1.0000 1.0092 410.0551 382.3326 0.0 0.9852
38749.73 1.0000 0.9874 343.8350 381.7015 0.0 0.9760
38865.97 1.0000 0.9943 364.1671 381.4140 0.0 0.9796
38982.24 1.0000 0.9994 379.5843 381.3840 0.0 0.9919
39098.54 1.0000 1.0017 386.6650 381.4706 0.0 0.9758
39214.84 1.0000 0.9983 376.1825 381.3839 0.0 0.9760
39331.17 1.0000 0.9810 323.5860 380.4364 0.0 0.9787
39447.48 1.0000 0.9986 376.0312 380.3642 0.0 0.9820
39563.78 1.0000 0.9950 365.1231 380.1143 0.0 0.9976
39680.05 1.0000 0.9884 344.6798 379.5334 0.0 0.9674
39796.30 1.0000 1.0080 403.8094 379.9314 0.0 0.9831
39912.55 1.0000 1.0079 403.9964 380.3259 0.0 0.9641
40028.79 1.0000 0.9871 341.0699 379.6824 0.0 0.9783
40145.05 1.0000 0.9928 357.7429 379.3227 0.0 0.9983
40261.30 1.0000 0.9998 378.5828 379.3106 0.0 0.9675
40377.55 1.0000 0.9924 356.2557 378.9326 0.0 0.9795
40493.87 1.0000 0.9984 374.1601 378.8544 0.0 0.9745
40610.18 1.0000 0.9862 336.9022 378.1666 0.0 0.9838
40726.48 1.0000 1.0000 378.2435 378.1679 0.0 0.9824
40842.76 1.0000 0.9952 363.6636 377.9301 0.0 0.9843
40959.03 1.0000 0.9918 352.8583 377.5191 0.0 0.9733
41075.34 1.0000 1.0037 388.9491 377.7065 0.0 0.9806
41191.57 1.0000 0.9842 329.4418 376.9153 0.0 0.9789
41307.84 1.0000 0.9994 374.9767 376.8835 0.0 0.9700
41424.07 1.0000 0.9983 371.6791 376.7982 0.0 0.9719
41540.35 1.0000 0.9895 344.8895 376.2751 0.0 0.9982
41656.62 1.0000 0.9920 351.9849 375.8769 0.0 0.9752
41772.93 1.0000 1.0023 382.7912 375.9902 0.0 0.9790
41889.24 1.0000 0.9901 345.8265 375.4957 0.0 0.9903
42005.43 1.0000 0.9985 371.0439 375.4228 0.0 0.9866
42121.72 1.0000 0.9973 367.2718 375.2891 0.0 0.9890
42238.03 1.0000 1.0008 377.7983 375.3303 0.0 0.9768
42354.33 1.0000 0.9902 345.5748 374.8425 0.0 0.9913
42470.64 1.0000 0.9833 323.7761 374.0053 0.0 0.9787
42586.85 1.0000 1.0007 376.0179 374.0383 0.0 0.9809
42703.06 1.0000 0.9967 364.0422 373.8744 0.0 0.9899
42819.30 1.0000 1.0094 402.6518 374.3462 0.0 0.9863
42935.55 1.0000 0.9771 304.5582 373.2021 0.0 0.9770
43051.80 1.0000 1.0013 377.1580 373.2670 0.0 0.9790
43168.06 1.0000 0.9998 372.6213 373.2564 0.0 0.9750
43284.37 1.0000 0.9896 341.6078 372.7376 0.0 0.9886
43400.63 1.0000 1.0036 383.5794 372.9153 0.0 0.9875
43516.91 1.0000 0.9903 343.2852 372.4296 0.0 0.9839
43633.22 1.0000 0.9982 366.9951 372.3405 0.0 0.9743
43749.53 1.0000 1.0006 374.0503 372.3685 0.0 0.9866
43865.85 1.0000 0.9913 345.7594 371.9323 0.0 0.9917
43982.06 1.0000 0.9978 365.0897 371.8201 0.0 0.9858
44098.30 1.0000 0.9931 350.7832 371.4753 0.0 0.9813
44214.59 1.0000 0.9879 334.6285 370.8712 0.0 0.9905
44330.80 1.0000 1.0165 421.2194 371.6966 0.0 0.9981
44447.00 1.0000 0.9973 363.5515 371.5631 0.0 0.9710
44563.26 1.0000 0.9882 335.6926 370.9750 0.0 0.9664
44679.48 1.0000 1.0078 394.9038 371.3673 0.0 0.9801
44795.75 1.0000 0.9977 364.2364 371.2504 0.0 0.9866
44912.06 1.0000 0.9915 345.3288 370.8255 0.0 0.9754
45028.36 1.0000 0.9927 348.5540 370.4604 0.0 0.9785
45144.66 1.0000 0.9994 368.5359 370.4288 0.0 0.9776
45260.99 1.0000 1.0012 373.9434 370.4864 0.0 0.9882
45377.31 1.0000 0.9903 340.8323 370.0003 0.0 0.9888
45493.61 1.0000 1.0031 379.3140 370.1530 0.0 0.9801
45609.91 1.0000 0.9981 364.4709 370.0598 0.0 0.9882
45726.19 1.0000 0.9976 362.6685 369.9387 0.0 0.9801
45842.51 1.0000 0.9943 352.6225 369.6548 0.0 0.9920
45958.76 1.0000 0.9963 358.5028 369.4720 0.0 0.9800
46074.95 1.0000 1.0036 380.3013 369.6495 0.0 0.9905
46191.25 1.0000 0.9974 361.6601 369.5185 0.0 0.9710
46307.57 1.0000 0.9953 355.2564 369.2847 0.0 0.9773
46423.88 1.0000 0.9948 353.3467 369.0234 0.0 0.9972
46540.20 1.0000 0.9979 362.7393 368.9204 0.0 0.9824
46656.42 1.0000 1.0000 368.8268 368.9189 0.0 0.9718
46772.71 1.0000 1.0108 401.7729 369.4575 0.0 0.9857
46889.01 1.0000 0.9948 353.7041 369.1992 0.0 0.9805
47005.32 1.0000 1.0040 381.3682 369.3987 0.0 0.9894
47121.62 1.0000 0.9978 362.7845 369.2903 0.0 0.9934
47237.91 1.0000 1.0017 374.3633 369.3734 0.0 0.9821
47354.13 1.0000 0.9897 337.8309 368.8564 0.0 0.9699
47470.42 1.0000 0.9932 348.0102 368.5146 0.0 0.9752
47586.73 1.0000 0.9967 358.4875 368.3502 0.0 0.9726
47703.04 1.0000 0.9929 346.5770 367.9933 0.0 0.9801
47819.35 1.0000 0.9962 356.4661 367.8043 0.0 0.9748
47935.65 1.0000 1.0011 371.0300 367.8572 0.0 0.9784
48051.96 1.0000 0.9867 327.1428 367.1898 0.0 0.9861
48168.20 1.0000 1.0062 385.9893 367.4979 0.0 0.9893
48284.47 1.0000 1.0043 380.4621 367.7105 0.0 0.9736
48400.66 1.0000 0.9960 355.3588 367.5080 0.0 0.9880
48516.95 1.0000 0.9926 344.9037 367.1374 0.0 0.9896
48633.22 1.0000 0.9955 353.5616 366.9149 0.0 0.9907
48749.49 1.0000 0.9942 349.2104 366.6246 0.0 0.9988
48865.76 1.0000 0.9912 339.8653 366.1860 0.0 0.9900
48982.04 1.0000 1.0047 380.6579 366.4232 0.0 0.9850
49098.24 1.0000 1.0015 371.0287 366.4987 0.0 0.9760
49214.50 1.0000 1.0072 388.5783 366.8607 0.0 0.9798
49330.77 1.0000 1.0040 379.1197 367.0616 0.0 0.9790
49447.01 1.0000 0.9988 363.3940 367.0015 0.0 0.9892
49563.28 1.0000 0.9961 355.1521 366.8073 0.0 0.9842
49679.53 1.0000 1.0060 384.9920 367.1054 0.0 0.9892
49795.73 1.0000 0.9863 325.4480 366.4225 0.0 0.9938
49912.01 1.0000 0.9914 340.0974 365.9909 0.0 0.9834
50028.32 1.0000 0.9961 354.2213 365.7980 0.0 0.9951
50144.62 1.0000 1.0029 374.6263 365.9427 0.0 0.9909
50260.92 1.0000 0.9888 331.6637 365.3807 0.0 0.9769
50377.22 1.0000 1.0031 374.6843 365.5332 0.0 0.9773
50493.54 1.0000 0.9909 337.7662 365.0781 0.0 0.9935
50609.86 1.0000 0.9887 330.5935 364.5127 0.0 0.9797
50726.18 1.0000 0.9935 344.8063 364.1897 0.0 0.9872
50842.49 1.0000 0.9988 360.5452 364.1299 0.0 0.9858
50958.76 1.0000 1.0050 379.3278 364.3791 0.0 0.9879
51075.03 1.0000 1.0109 397.6404 364.9243 0.0 0.9864
51191.35 1.0000 0.9888 330.7932 364.3648 0.0 0.9824
51307.67 1.0000 0.9885 329.4314 363.7921 0.0 0.9924
51423.94 1.0000 0.9959 351.1474 363.5848 0.0 0.9981
51540.23 1.0000 0.9977 356.6303 363.4708 0.0 0.9817
51656.50 1.0000 1.0066 383.4959 363.7991 0.0 0.9821
51772.71 1.0000 0.9956 350.4110 363.5796 0.0 0.9734
51889.01 1.0000 0.9919 338.8403 363.1741 0.0 0.9986
52005.23 1.0000 1.0026 371.0418 363.3031 0.0 0.9895
52121.53 1.0000 0.9984 358.3928 363.2226 0.0 0.9996
52237.80 1.0000 1.0019 369.1079 363.3190 0.0 0.9889
52354.05 1.0000 0.9955 349.7397 363.0964 0.0 0.9936
52470.24 1.0000 1.0073 385.3137 363.4606 0.0 0.9721
52586.54 1.0000 1.0015 368.1175 363.5370 0.0 0.9932
52702.85 1.0000 1.0024 370.8259 363.6565 0.0 0.9870
52819.17 1.0000 0.9944 346.6626 363.3779 0.0 0.9902
52935.39 1.0000 1.0065 383.1039 363.7013 0.0 0.9861
53051.67 1.0000 1.0002 364.4576 363.7137 0.0 0.9806
53167.99 1.0000 0.9859 320.8023 363.0102 0.0 0.9867
53284.31 1.0000 1.0015 367.5388 363.0844 0.0 0.9742
53400.61 1.0000 1.0016 367.8950 363.1633 0.0 0.9775
53516.91 1.0000 0.9987 359.3416 363.1007 0.0 0.9738
53633.21 1.0000 1.0034 373.3304 363.2684 0.0 0.9859
53749.52 1.0000 1.0073 385.4066 363.6313 0.0 0.9822
53865.83 1.0000 0.9975 356.0605 363.5072 0.0 0.9789
53982.13 1.0000 0.9905 334.4907 363.0315 0.0 0.9831
54098.44 1.0000 0.9946 346.6296 362.7626 0.0 0.9875
54214.71 1.0000 0.9848 316.2958 362.0009 0.0 0.9778
54331.03 1.0000 0.9916 336.5301 361.5833 0.0 0.9767
54447.34 1.0000 1.0081 386.3769 361.9898 0.0 0.9790
54563.57 1.0000 0.9954 347.9780 361.7601 0.0 0.9898
54679.82 1.0000 0.9826 308.6993 360.8902 0.0 0.9894
54796.00 1.0000 0.9983 355.6947 360.8050 0.0 0.9824
54912.27 1.0000 1.0009 363.5886 360.8507 0.0 0.9814
55028.46 1.0000 1.0003 361.8992 360.8679 0.0 0.9867
55144.74 1.0000 0.9937 341.6899 360.5535 0.0 0.9744
55261.03 1.0000 0.9951 345.4673 360.3061 0.0 0.9890
55377.34 1.0000 0.9848 314.0451 359.5478 0.0 0.9933
55493.55 1.0000 1.0131 399.4197 360.2014 0.0 0.9858
55609.80 1.0000 1.0005 361.6061 360.2244 0.0 0.9877
55726.01 1.0000 0.9847 313.6917 359.4616 0.0 0.9866
55842.24 1.0000 0.9906 330.7277 358.9906 0.0 1.0012
55958.52 1.0000 0.9897 327.6135 358.4762 0.0 0.9842
56074.76 1.0000 1.0150 404.3313 359.2279 0.0 0.9895
56191.03 1.0000 1.0003 360.0891 359.2420 0.0 0.9895
56307.31 1.0000 0.9841 310.7407 358.4469 0.0 0.9795
56423.62 1.0000 0.9959 346.0792 358.2442 0.0 0.9894
56539.93 1.0000 0.9936 338.8453 357.9262 0.0 0.9929
56656.26 1.0000 0.9919 333.0945 357.5191 0.0 0.9894
56772.43 1.0000 1.0047 371.8671 357.7543 0.0 0.9830
56888.75 1.0000 0.9940 339.3344 357.4523 0.0 0.9863
57005.02 1.0000 0.9983 352.1358 357.3652 0.0 0.9953
57121.25 1.0000 0.9896 325.6495 356.8452 0.0 0.9796
57237.53 1.0000 0.9966 346.4127 356.6742 0.0 0.9940
57353.78 1.0000 0.9888 322.6574 356.1166 0.0 0.9888
57470.05 1.0000 1.0076 379.2961 356.4966 0.0 0.9845
57586.29 1.0000 1.0076 379.5951 356.8752 0.0 0.9878
57702.50 1.0000 0.9964 345.7951 356.6936 0.0 0.9797
57818.74 1.0000 0.9987 352.6736 356.6277 0.0 0.9756
57934.97 1.0000 0.9948 340.8043 356.3683 0.0 0.9880
58051.24 1.0000 0.9874 317.9510 355.7385 0.0 1.0088
58167.47 1.0000 0.9918 330.7369 355.3286 0.0 0.9790
58283.66 1.0000 1.0080 379.6407 355.7272 0.0 0.9864
58399.89 1.0000 1.0016 360.6830 355.8084 0.0 0.9923
58516.11 1.0000 0.9934 335.7694 355.4799 0.0 0.9829
58632.32 1.0000 0.9870 315.8759 354.8307 0.0 0.9892
58748.55 1.0000 0.9997 353.8250 354.8142 0.0 0.9808
58864.84 1.0000 0.9923 331.3576 354.4296 0.0 0.9925
58981.16 1.0000 1.0038 366.1346 354.6215 0.0 0.9988
59097.36 1.0000 0.9989 351.3827 354.5684 0.0 1.0022
59213.67 1.0000 0.9991 351.6914 354.5213 0.0 0.9860
59329.93 1.0000 0.9972 345.9388 354.3806 0.0 0.9879
59446.20 1.0000 0.9965 343.6518 354.2047 0.0 0.9906
59562.50 1.0000 1.0102 385.3673 354.7156 0.0 0.9890
59678.71 1.0000 1.0057 371.9720 354.9984 0.0 0.9789
59794.93 1.0000 0.9970 345.8640 354.8487 0.0 0.9942
59911.20 1.0000 0.9992 352.5471 354.8110 0.0 0.9804
60027.52 1.0000 0.9987 350.8949 354.7468 0.0 0.9821
60143.73 1.0000 0.9946 338.1817 354.4752 0.0 0.9833
60259.93 1.0000 1.0087 380.8764 354.9080 0.0 0.9829
60376.22 1.0000 0.9961 343.0459 354.7136 0.0 0.9947
60492.52 1.0000 1.0046 368.6342 354.9418 0.0 0.9792
60608.80 1.0000 0.9918 330.0810 354.5342 0.0 0.9808
60725.05 1.0000 0.9974 346.6087 354.4043 0.0 0.9885
60841.30 1.0000 0.9934 334.3204 354.0750 0.0 0.9850
60957.55 1.0000 0.9966 343.6695 353.9045 0.0 1.0038
61073.82 1.0000 0.9931 332.8205 353.5588 0.0 0.9894
61190.12 1.0000 1.0228 423.1835 354.7002 0.0 0.9859
61306.33 1.0000 0.9943 337.2122 354.4135 0.0 0.9798
61422.63 1.0000 0.9991 351.5541 354.3666 0.0 0.9911
61538.93 1.0000 1.0040 366.5434 354.5663 0.0 0.9736
61655.23 1.0000 0.9895 322.6653 354.0433 0.0 0.9808
61771.48 1.0000 5.1591 1000.0000 561.9978 0.0 0.9399
61887.67 1.0000 0.9528 418.0458 559.6379 0.0 0.9517
62003.94 1.0000 0.9577 430.7183 557.5245 0.0 0.9369
62120.21 1.0000 0.9450 389.6706 554.7728 0.0 0.9325
62236.48 1.0000 0.9653 449.0182 553.0391 0.0 0.9376
62352.75 1.0000 0.9451 385.7132 550.2960 0.0 0.9269
62469.03 1.0000 0.9570 419.2284 548.1474 0.0 0.9287
62585.30 1.0000 0.9556 412.7261 545.9274 0.0 0.9434
62701.55 1.0000 0.9572 415.4692 543.7887 0.0 0.9289
62817.80 1.0000 0.9617 426.9830 541.8739 0.0 0.9220
62934.05 1.0000 0.9437 370.1791 539.0592 0.0 0.9363
63050.24 1.0000 0.9632 426.9316 537.2210 0.0 0.9333
63166.51 1.0000 0.9431 363.7667 534.3775 0.0 0.9325
63282.73 1.0000 0.9555 398.7330 532.1538 0.0 6.0067
63399.01 1.0000 0.9346 332.5338 528.8814 0.0 0.9204
63515.28 1.0000 0.9461 364.6314 526.1888 0.0 0.9282
63631.56 1.0000 0.9434 353.5286 523.3583 0.0 0.9267
63747.85 1.0000 0.9579 394.9580 521.2533 0.0 0.9388
63864.15 1.0000 0.9434 348.7547 518.4255 0.0 0.9234
63980.46 1.0000 0.9456 352.6130 515.7073 0.0 0.9289
64096.74 1.0000 0.9515 367.6520 513.2801 0.0 0.9305
64213.01 1.0000 0.9449 345.1861 510.5245 0.0 0.9275
64329.27 1.0000 0.9579 382.0106 508.4177 0.0 0.9361
64445.47 1.0000 0.9411 328.8458 505.4739 0.0 0.9367
64561.74 1.0000 0.9532 362.5867 503.1315 0.0 0.9282
64677.99 1.0000 0.9547 364.8704 500.8649 0.0 0.9222
64794.27 1.0000 0.9495 346.9796 498.3422 0.0 0.9434
64910.55 1.0000 0.9615 380.9716 496.4181 0.0 0.9330
65026.86 1.0000 0.9482 338.4134 493.8279 0.0 0.9300
65143.16 1.0000 0.9552 357.0926 491.5863 0.0 0.9414
65259.49 1.0000 0.9548 353.6949 489.3258 0.0 0.9400
65375.76 1.0000 0.9430 315.5449 486.4769 0.0 0.9430
65492.03 1.0000 0.9581 358.6957 484.3821 0.0 0.9344
65608.36 1.0000 0.9610 365.3451 482.4307 0.0 0.9428
65724.67 1.0000 0.9534 340.1658 480.0985 0.0 0.9376
65840.95 1.0000 0.9557 344.9545 477.8830 0.0 0.9435
65957.17 1.0000 0.9513 329.2109 475.4458 0.0 0.9464
66073.46 1.0000 0.9625 361.1943 473.5728 0.0 0.9446
66189.76 1.0000 0.9574 343.7171 471.4440 0.0 0.9472
66306.05 1.0000 0.9581 343.5807 469.3479 0.0 0.9477
66422.30 1.0000 0.9725 385.5082 467.9735 0.0 0.9459
66538.55 1.0000 0.9570 336.9496 465.8255 0.0 0.9596
66654.83 1.0000 0.9640 356.0111 464.0253 0.0 0.9346
66771.13 1.0000 0.9587 338.1027 461.9610 0.0 0.9527
66887.44 1.0000 0.9690 367.3261 460.4096 0.0 0.9427
67003.74 1.0000 0.9614 342.6718 458.4795 0.0 0.9550
67120.04 1.0000 0.9574 328.5504 456.3495 0.0 0.9460
67236.27 1.0000 0.9692 362.4007 454.8094 0.0 0.9501
67352.54 1.0000 0.9647 347.2725 453.0465 0.0 0.9573
67468.82 1.0000 0.9608 333.5710 451.0878 0.0 0.9519
67585.02 1.0000 0.9632 338.8045 449.2471 0.0 0.9573
67701.23 1.0000 0.9701 357.9856 447.7510 0.0 0.9596
67817.51 1.0000 0.9781 381.0751 446.6580 0.0 0.9444
67933.83 1.0000 0.9705 356.5386 445.1806 0.0 0.9389
68050.10 1.0000 0.9602 323.7980 443.1907 0.0 0.9505
68166.41 1.0000 0.9746 365.7910 441.9219 0.0 0.9608
68282.71 1.0000 0.9537 300.7970 439.6084 0.0 0.9482
68399.02 1.0000 0.9752 364.0729 438.3701 0.0 0.9659
68515.33 1.0000 0.9698 346.1233 436.8578 0.0 0.9501
68631.57 1.0000 0.9682 339.7973 435.2667 0.0 0.9496
68747.84 1.0000 0.9798 373.5272 434.2546 0.0 0.9556
68864.03 1.0000 0.9679 336.3131 432.6490 0.0 0.9476
68980.23 1.0000 0.9564 299.7524 430.4703 0.0 0.9615
69096.44 1.0000 0.9625 316.1861 428.5968 0.0 0.9608
69212.73 1.0000 0.9727 345.4301 427.2334 0.0 0.9673
69329.04 1.0000 0.9781 360.4624 426.1388 0.0 0.9542
69445.35 1.0000 0.9728 343.1405 424.7782 0.0 0.9578
69561.60 1.0000 0.9649 317.8113 423.0246 0.0 0.9538
69677.80 1.0000 0.9709 334.3360 421.5707 0.0 0.9598
69794.08 1.0000 0.9776 353.1596 420.4492 0.0 0.9679
69910.30 1.0000 0.9709 331.6524 418.9935 0.0 0.9502
70026.55 1.0000 0.9700 327.3961 417.4920 0.0 0.9600
70142.80 1.0000 0.9741 338.6367 416.1992 0.0 0.9582
70259.03 1.0000 0.9862 374.2272 415.5112 0.0 0.9604
70375.21 1.0000 0.9716 328.9905 414.0928 0.0 0.9552
70491.48 1.0000 0.9784 348.2386 413.0132 0.0 0.9737
70607.67 1.0000 0.9650 306.3493 411.2646 0.0 0.9595
70723.98 1.0000 0.9801 350.5690 410.2696 0.0 0.9649
70840.31 1.0000 0.9736 329.6436 408.9479 0.0 0.9658
70956.58 1.0000 0.9830 357.2442 408.1003 0.0 0.9638
71072.80 1.0000 0.9761 335.3532 406.9077 0.0 0.9632
71188.97 1.0000 0.9833 355.9066 406.0716 0.0 0.9671
71305.26 1.0000 0.9718 320.1493 404.6631 0.0 0.9621
71421.49 1.0000 0.9866 363.7571 403.9925 0.0 0.9641
71537.72 1.0000 0.9848 357.6550 403.2328 0.0 0.9753
71654.00 1.0000 0.9816 347.0513 402.3118 0.0 0.9598
71770.30 1.0000 0.9965 391.6519 402.1371 0.0 0.9608
71886.51 1.0000 0.9784 336.1647 401.0556 0.0 0.9634
72002.80 1.0000 0.9737 320.9856 399.7429 0.0 0.9729
72119.08 1.0000 0.9759 326.2190 398.5376 0.0 0.9679
72235.27 1.0000 0.9937 379.3559 398.2232 0.0 0.9699
72351.54 1.0000 0.9797 336.3080 397.2082 0.0 0.9707
72467.84 1.0000 0.9900 366.7761 396.7093 0.0 0.9762
72584.10 1.0000 0.9907 368.2988 396.2435 0.0 0.9862
72700.27 1.0000 0.9940 377.8007 395.9412 0.0 0.9754
72816.55 1.0000 0.9771 326.1023 394.7963 0.0 0.9669
72932.80 1.0000 1.0039 406.6132 394.9900 0.0 0.9747
73049.07 1.0000 0.9855 350.8786 394.2669 0.0 0.9810
73165.34 1.0000 0.9777 326.1289 393.1499 0.0 0.9754
73281.54 1.0000 0.9914 367.0581 392.7221 0.0 0.9619
73397.77 1.0000 0.9867 352.1115 392.0564 0.0 0.9697
73514.07 1.0000 0.9831 340.6134 391.2131 0.0 0.9775
73630.37 1.0000 0.9839 342.1233 390.4083 0.0 0.9828
73746.59 1.0000 0.9964 379.5020 390.2295 0.0 0.9850
73862.86 1.0000 0.9940 372.0237 389.9311 0.0 0.9738
73979.16 1.0000 0.9917 364.5295 389.5146 0.0 0.9739
74095.42 1.0000 0.9925 366.5309 389.1379 0.0 0.9664
74211.69 1.0000 0.9956 375.6577 388.9169 0.0 0.9769
74328.01 1.0000 0.9857 345.3482 388.2026 0.0 0.9784
74444.33 1.0000 0.9991 385.4843 388.1581 0.0 0.9818
74560.65 1.0000 0.9991 385.4900 388.1143 0.0 0.9776
74676.96 1.0000 1.0032 397.8489 388.2739 0.0 0.9658
74793.27 1.0000 0.9882 352.2927 387.6841 0.0 0.9714
74909.55 1.0000 0.9884 352.2078 387.1025 0.0 0.9791
75025.88 1.0000 0.9859 344.1239 386.3979 0.0 0.9733
75142.14 1.0000 0.9921 362.3450 386.0036 0.0 0.9770
75258.42 1.0000 1.0033 395.9696 386.1670 0.0 0.9901
75374.72 1.0000 0.9995 384.5777 386.1409 0.0 0.9710
75491.03 1.0000 0.9773 316.8871 385.0056 0.0 0.9849
75607.32 1.0000 0.9865 343.7948 384.3300 0.0 0.9888
75723.63 1.0000 1.0028 392.8258 384.4693 0.0 0.9734
75839.93 1.0000 0.9954 370.5506 384.2411 0.0 0.9889
75956.15 1.0000 1.0081 409.0194 384.6473 0.0 0.9754
76072.33 1.0000 0.9848 338.2123 383.8861 0.0 0.9796
76188.58 1.0000 1.0123 421.5030 384.5028 0.0 0.9723
76304.86 1.0000 0.9880 347.8809 383.9024 0.0 0.9917
76421.16 1.0000 0.9919 359.1671 383.4969 0.0 0.9817
76537.43 1.0000 1.0062 402.3596 383.8061 0.0 0.9834
76653.71 1.0000 0.9952 369.1449 383.5658 0.0 0.9913
76769.99 1.0000 0.9878 346.2165 382.9535 0.0 0.9948
76886.33 0.9859