Blank OD is 14.6332
Time OD Volume Z Media ODpost
30.52 0.5000 0.1678 200.0000 0.0000 1.0 0.1691
144.81 0.5000 0.1716 200.0000 0.0000 1.0 0.1708
259.11 0.5000 0.1760 200.0000 0.0000 1.0 0.1754
373.30 0.5000 0.1795 200.0000 0.0000 1.0 0.1786
487.58 0.5000 0.1831 200.0000 0.0000 1.0 0.1824
601.78 0.5000 0.1874 200.0000 0.0000 1.0 0.1866
715.95 0.5000 0.1896 200.0000 0.0000 1.0 0.1899
830.18 0.5000 0.1949 200.0000 0.0000 1.0 0.1979
944.50 0.5000 0.2006 200.0000 0.0000 1.0 0.2004
1058.73 0.5000 0.2040 200.0000 0.0000 1.0 0.2051
1172.94 0.5000 0.2095 200.0000 0.0000 1.0 0.2106
1287.15 0.5000 0.2148 200.0000 0.0000 1.0 0.2141
1401.37 0.5000 0.2206 200.0000 0.0000 1.0 0.2203
1515.70 0.5000 0.2250 200.0000 0.0000 1.0 0.2257
1629.89 0.5000 0.2314 200.0000 0.0000 1.0 0.2319
1744.20 0.5000 0.2370 200.0000 0.0000 1.0 0.2373
1858.47 0.5000 0.2450 200.0000 0.0000 1.0 0.2445
1972.74 0.5000 0.2503 200.0000 0.0000 1.0 0.2510
2087.01 0.5000 0.2583 200.0000 0.0000 1.0 0.2586
2201.33 0.5000 0.2659 200.0000 0.0000 1.0 0.2638
2315.59 0.5000 0.2717 200.0000 0.0000 1.0 0.2738
2429.87 0.5000 0.2813 200.0000 0.0000 1.0 0.2813
2544.15 0.5000 0.2903 200.0000 0.0000 1.0 0.2882
2658.47 0.5000 0.2971 200.0000 0.0000 1.0 0.2978
2772.68 0.5000 0.3080 200.0000 0.0000 1.0 0.3068
2886.95 0.5000 0.3166 200.0000 0.0000 1.0 0.3177
3001.22 0.5000 0.3247 200.0000 0.0000 1.0 0.3297
3115.45 0.5000 0.3359 200.0000 0.0000 1.0 0.3367
3229.68 0.5000 0.3470 200.0000 0.0000 1.0 0.3437
3343.93 0.5000 0.3528 200.0000 0.0000 1.0 0.3545
3458.21 0.5000 0.3655 200.0000 0.0000 1.0 0.3648
3572.39 0.5000 0.3749 200.0000 0.0000 1.0 0.3747
3686.68 0.5000 0.3850 200.0000 0.0000 1.0 0.3861
3800.93 0.5000 0.3958 200.0000 0.0000 1.0 0.3975
3915.13 0.5000 0.4075 200.0000 0.0000 1.0 0.4129
4029.43 0.5000 0.4216 200.0000 0.0000 1.0 0.4244
4143.73 0.5000 0.4312 200.0000 0.0000 1.0 0.4324
4257.95 0.5000 0.4454 200.0000 0.0000 1.0 0.4450
4372.21 0.5000 0.4561 200.0000 0.0000 1.0 0.4610
4486.42 0.5000 0.4683 200.0000 0.0000 1.0 0.4701
4600.71 0.5000 0.4904 200.0000 0.0000 1.0 0.4853
4715.03 0.5000 0.4951 200.0000 0.0000 1.0 0.5014
4829.31 0.5000 0.5083 200.0000 0.4125 1.0 0.5102
4943.59 0.5000 0.5309 200.0000 1.9587 1.0 0.5281
5057.87 0.5000 0.5440 200.0000 4.1597 1.0 0.5448
5172.09 0.5000 0.5584 200.0000 7.0797 1.0 0.5553
5286.41 0.5000 0.5756 237.7508 10.8612 1.0 0.5724
5400.69 0.5000 0.5909 288.2490 15.4085 1.0 0.5899
5514.97 0.5000 0.6021 326.7378 20.5123 1.0 0.6001
5629.20 0.5000 0.6175 379.0080 26.3893 1.0 0.6132
5743.42 0.5000 0.6201 392.5826 32.3924 1.0 0.6186
5857.71 0.5000 0.6348 443.4876 39.1317 1.0 0.6214
5971.98 0.5000 0.6395 464.7008 46.1082 1.0 0.6424
6086.21 0.5000 0.6504 504.9757 53.6306 1.0 0.6420
6200.41 0.5000 0.6545 524.8748 61.3560 1.0 0.6581
6314.68 0.5000 0.6588 545.7452 69.2968 1.0 0.6506
6428.93 0.5000 0.6659 575.2592 77.5912 1.0 0.6682
6543.13 0.5000 0.6621 572.0000 85.6963 1.0 0.6457
6657.42 0.5000 0.6656 590.6718 93.9746 1.0 0.6760
6771.68 0.5000 0.6686 608.3350 102.4067 1.0 0.6486
6885.93 0.5000 0.6710 623.9437 110.9565 1.0 0.6529
7000.28 0.5000 0.6714 633.7368 119.5267 1.0 0.6457
7114.58 0.5000 0.6691 635.1571 127.9796 1.0 0.6536
7228.87 0.5000 0.6687 642.4691 136.4139 1.0 0.6543
7343.15 0.5000 0.6674 646.9577 144.7835 1.0 0.6497
7457.43 0.5000 0.6680 657.3031 153.1854 1.0 0.6593
7571.70 0.5000 0.6641 653.6996 161.3906 1.0 0.6548
7685.99 0.5000 0.6581 643.5815 169.2953 1.0 0.6658
7800.18 0.5000 0.6542 639.6297 177.0057 1.0 0.6417
7914.50 0.5000 0.6667 685.3613 185.3394 1.0 0.6354
8028.82 0.5000 0.6553 658.9749 193.1040 1.0 0.6373
8143.15 0.5000 0.6483 645.2964 200.5169 1.0 0.6218
8257.39 0.5000 0.6386 623.3458 207.4486 1.0 0.6252
8371.66 0.5000 0.6395 632.9277 214.4236 1.0 0.6262
8485.94 0.5000 0.6424 648.7779 221.5442 1.0 0.6298
8600.21 0.5000 0.6359 635.9087 228.3371 1.0 0.6106
8714.49 0.5000 0.6336 635.6670 235.0146 1.0 0.6256
8828.76 0.5000 0.6250 616.3508 241.2660 1.0 0.6054
8942.96 0.5000 0.6304 639.0804 247.7876 1.0 0.6191
9057.25 0.5000 0.6172 605.1784 253.6464 1.0 0.5981
9171.57 0.5000 0.6183 614.4572 259.5614 1.0 0.5960
9285.85 0.5000 0.6144 608.5964 265.2832 1.0 0.5961
9400.13 0.5000 0.6204 632.3652 271.3010 1.0 0.5982
9514.41 0.5000 0.6124 614.2400 276.9229 1.0 0.6060
9628.69 0.5000 0.6109 615.2085 282.4686 1.0 0.6015
9742.94 0.5000 0.6177 641.3881 288.3525 1.0 0.6139
9857.20 0.5000 0.6114 628.0716 293.9217 1.0 0.5867
9971.45 0.5000 0.6062 617.8043 299.2312 1.0 0.5916
10085.70 0.5000 0.6051 619.8098 304.4866 1.0 0.5889
10199.98 0.5000 0.6078 633.1814 309.8751 1.0 0.5804
10314.26 0.5000 0.5967 604.9199 314.7119 1.0 0.5710
10428.53 0.5000 0.5861 577.3066 319.0167 1.0 0.5803
10542.81 0.5000 0.5838 574.5967 323.2065 1.0 0.5584
10657.14 0.5000 0.5803 568.1113 327.2214 1.0 0.5632
10771.41 0.5000 0.5853 587.5210 331.4886 1.0 0.5726
10885.68 0.5000 0.5895 604.5082 335.9643 1.0 0.5615
10999.93 0.5000 0.5819 585.7492 340.0591 1.0 0.5622
11114.17 0.5000 0.5847 598.4980 344.2958 1.0 0.5683
11228.42 0.5000 0.5827 596.4115 348.4289 1.0 0.5731
11342.68 0.5000 0.5911 626.3832 352.9855 1.0 0.5783
11456.92 0.5000 0.5926 635.2733 357.6132 1.0 0.5718
11571.17 0.5000 0.5860 619.8771 361.9126 1.0 0.5752
11685.46 0.5000 0.5944 649.8393 366.6327 1.0 0.5826
11799.77 0.5000 0.5867 631.0169 370.9669 1.0 0.5758
11914.04 0.5000 0.5842 627.6921 375.1755 1.0 0.5791
12028.32 0.5000 0.5956 666.8951 379.9578 1.0 0.5823
12142.59 0.5000 0.5921 660.8143 384.5620 1.0 0.5757
12256.86 0.5000 0.5963 678.2274 389.3762 1.0 0.5695
12371.09 0.5000 0.5815 637.8044 393.4487 1.0 0.5721
12485.36 0.5000 0.5818 643.0556 397.5407 1.0 0.5593
12599.60 0.5000 0.5739 623.0248 401.2371 1.0 0.5589
12713.88 0.5000 0.5761 633.4425 405.0438 1.0 0.5859
12828.16 0.5000 0.5857 666.3246 409.3271 1.0 0.5553
12942.45 0.5000 0.5678 616.0127 412.7154 1.0 0.5535
13056.68 0.5000 0.5675 618.5669 416.0900 1.0 0.5588
13170.97 0.5000 0.5767 650.0845 419.9259 1.0 0.5537
13285.24 0.5000 0.5722 640.0571 423.5347 1.0 0.5548
13399.46 0.5000 0.5670 627.9007 426.8849 1.0 0.5550
13513.68 0.5000 0.5699 640.1338 430.3808 1.0 0.5714
13627.95 0.5000 0.5743 657.1449 434.0982 1.0 0.5444
13742.15 0.5000 0.5718 653.2118 437.6903 1.0 0.5681
13856.43 0.5000 0.5598 619.9558 440.6782 1.0 0.5365
13970.68 0.5000 0.5492 590.7794 443.1389 1.0 0.5420
14084.93 0.5000 0.5581 620.4447 446.0456 1.0 0.5362
14199.21 0.5000 0.5447 582.2326 448.2781 1.0 0.5392
14313.48 0.5000 0.5548 615.4998 451.0195 1.0 0.5519
14427.77 0.5000 0.5560 621.9256 453.8212 1.0 0.5434
14542.05 0.5000 0.5554 622.6849 456.5895 1.0 0.5323
14656.32 0.5000 0.5493 606.8484 459.0527 1.0 0.5410
14770.59 0.5000 0.5625 649.7039 462.1782 1.0 0.5361
14884.87 0.5000 0.5543 627.8092 464.8934 1.0 0.5494
14999.06 0.5000 0.5571 639.1939 467.7508 1.0 0.5283
15113.38 0.5000 0.5585 646.1859 470.6760 1.0 0.5339
15227.68 0.5000 0.5590 650.7134 473.6274 1.0 0.5454
15341.98 0.5000 0.5569 647.2647 476.4739 1.0 0.5330
15456.26 0.5000 0.5446 612.6156 478.7057 1.0 0.5440
15570.53 0.5000 0.5450 615.8234 480.9536 1.0 0.5269
15684.80 0.5000 0.5445 616.7687 483.1801 1.0 0.5300
15799.08 0.5000 0.5412 608.9489 485.2418 1.0 0.5346
15913.40 0.5000 0.5544 651.0957 487.9608 1.0 0.5293
16027.66 0.5000 0.5418 615.5708 490.0527 1.0 0.5276
16141.88 0.5000 0.5366 601.8198 491.8850 1.0 0.5335
16256.17 0.5000 0.5515 648.8969 494.4589 1.0 0.5399
16370.44 0.5000 0.5442 629.2914 496.6693 1.0 0.5321
16484.72 0.5000 0.5494 647.2895 499.1385 1.0 0.5418
16599.00 0.5000 0.5419 627.0180 501.2349 1.0 0.5287
16713.27 0.5000 0.5399 622.8987 503.2294 1.0 0.5267
16827.55 0.5000 0.5487 651.6477 505.6624 1.0 0.5343
16941.73 0.5000 0.5454 644.1102 507.9321 1.0 0.5242
17056.05 0.5000 0.5412 633.5888 509.9920 1.0 0.5242
17170.32 0.5000 0.5462 650.9429 512.3027 1.0 0.5253
17284.59 0.5000 0.5413 638.3872 514.3697 1.0 0.5354
17398.86 0.5000 0.5545 680.5204 517.0934 1.0 0.5270
17513.14 0.5000 0.5372 630.6240 518.9546 1.0 0.5456
17627.37 0.5000 0.5508 673.7584 521.4924 1.0 0.5276
17741.65 0.5000 0.5442 656.2616 523.7017 1.0 0.5252
17855.92 0.5000 0.5415 650.2509 525.7763 1.0 0.5260
17970.18 0.5000 0.5488 674.6734 528.2172 1.0 0.5402
18084.43 0.5000 0.5444 663.7805 530.4396 1.0 0.5321
18198.68 0.5000 0.5463 671.7813 532.7566 1.0 0.5312
18312.94 0.5000 0.5581 709.8368 535.6596 1.0 0.5353
18427.15 0.5000 0.5447 672.0256 537.8951 1.0 0.5201
18541.45 0.5000 0.5371 651.1178 539.7512 1.0 0.5513
18655.73 0.5000 0.5389 658.4349 541.6968 1.0 0.5249
18769.94 0.5000 0.5359 651.2687 543.4931 1.0 0.5244
18884.16 0.5000 0.5487 691.9300 545.9265 1.0 0.5328
18998.34 0.5000 0.5355 654.0779 547.6995 1.0 0.5328
19112.67 0.5000 0.5323 646.1949 549.3141 1.0 0.5405
19226.95 0.5000 0.5344 654.3139 551.0355 1.0 0.5249
19341.23 0.5000 0.5418 678.6721 553.1279 1.0 0.5266
19455.56 0.5000 0.5398 674.5973 555.1192 1.0 0.5300
19569.84 0.5000 0.5471 698.8094 557.4747 1.0 0.5266
19684.11 0.5000 0.5490 706.7809 559.9224 1.0 0.5337
19798.30 0.5000 0.5371 673.1191 561.7781 1.0 0.5220
19912.62 0.5000 0.5438 695.3334 563.9675 1.0 0.5226
20026.95 0.5000 0.5364 674.9043 565.7861 1.0 0.5236
20141.13 0.5000 0.5261 645.4421 567.0920 1.0 0.5418
20255.40 0.5000 0.5435 699.7533 569.2667 1.0 0.5251
20369.67 0.5000 0.5391 688.5494 571.2222 1.0 0.5206
20483.93 0.5000 0.5443 706.3704 573.4377 1.0 0.5294
20598.17 0.5000 0.5293 662.7954 574.9026 1.0 0.5252
20712.36 0.5000 0.5380 690.9249 576.8046 1.0 0.5356
20826.66 0.5000 0.5404 700.0600 578.8252 1.0 0.5219
20940.90 0.5000 0.5405 702.2568 580.8487 1.0 0.5458
21055.14 0.5000 0.5347 686.7259 582.5844 1.0 0.5122
21169.32 0.5000 0.5238 655.2227 583.7752 1.0 0.5111
21283.64 0.5000 0.5248 659.4247 585.0153 1.0 0.5150
21397.86 0.5000 0.5323 683.6376 586.6321 1.0 0.5151
21512.14 0.5000 0.5310 681.2079 588.1825 1.0 0.5182
21626.46 0.5000 0.5335 690.3236 589.8569 1.0 0.5104
21740.78 0.5000 0.5318 686.8960 591.4477 1.0 0.5160
21855.05 0.5000 0.5294 681.0913 592.9173 1.0 0.5145
21969.33 0.5000 0.5241 666.5068 594.1237 1.0 0.5198
22083.51 0.5000 0.5320 691.7557 595.7242 1.0 0.5227
22197.83 0.5000 0.5394 716.0331 597.6965 1.0 0.5180
22312.10 0.5000 0.5307 691.2896 599.2308 1.0 0.5393
22426.37 0.5000 0.5330 699.9883 600.8826 1.0 0.5213
22540.65 0.5000 0.5339 704.2277 602.5768 1.0 0.5185
22654.92 0.5000 0.5235 674.1788 603.7506 1.0 0.5097
22769.24 0.5000 0.5250 680.0570 605.0015 1.0 0.5066
22883.52 0.5000 0.5254 682.3832 606.2700 1.0 0.5086
22997.79 0.5000 0.5162 655.6714 607.0799 1.0 0.5054
23111.97 0.5000 0.5204 669.3799 608.1012 1.0 0.5167
23226.30 0.5000 0.5178 662.2537 608.9890 1.0 0.5134
23340.57 0.5000 0.5205 671.4486 610.0129 1.0 0.5097
23454.85 0.5000 0.5209 673.7407 611.0576 1.0 0.5104
23569.07 0.5000 0.5212 675.5735 612.1152 1.0 0.5119
23683.36 0.5000 0.5245 686.9676 613.3423 1.0 0.5344
23797.64 0.5000 0.5274 696.8189 614.7108 1.0 0.5178
23911.91 0.5000 0.5334 716.7108 616.3829 1.0 0.5185
24026.18 0.5000 0.5165 666.7881 617.2092 1.0 0.5001
24140.40 0.5000 0.5081 641.8273 617.6128 1.0 0.4993
24254.66 0.5000 0.5050 632.8130 617.8620 1.0 0.4987
24368.88 0.5000 0.5107 650.6030 618.3987 1.0 0.4880
24483.20 0.5000 0.5109 651.6958 618.9446 1.0 0.4900
24597.48 0.5000 0.5042 631.8549 619.1562 1.0 0.4959
24711.76 0.5000 0.5002 619.7881 619.1666 1.0 0.5033
24826.04 0.5000 0.5029 628.0964 619.3130 1.0 0.4963
24940.26 0.5000 0.5116 654.5920 619.8913 1.0 0.4964
25054.54 0.5000 0.5127 658.7243 620.5279 1.0 0.4986
25168.87 0.5000 0.5123 657.9295 621.1411 1.0 0.4956
25283.15 0.5000 0.5175 674.5071 622.0159 1.0 0.5033
25397.33 0.5000 0.5134 662.7909 622.6844 1.0 0.4987
25511.66 0.5000 0.5159 671.2211 623.4801 1.0 0.5157
25625.93 0.5000 0.5118 659.4115 624.0691 1.0 0.4992
25740.14 0.5000 0.5088 650.9818 624.5103 1.0 0.4938
25854.43 0.5000 0.5071 646.1918 624.8657 1.0 0.4875
25968.70 0.5000 0.5062 643.6627 625.1739 1.0 0.4890
26082.98 0.5000 0.5009 627.7734 625.2165 1.0 0.5032
26197.26 0.5000 0.5032 634.9839 625.3766 1.0 0.4851
26311.59 0.5000 0.5055 642.1214 625.6511 1.0 0.5030
26425.86 0.5000 0.5055 642.5124 625.9275 1.0 0.4921
26540.13 0.5000 0.5059 644.0633 626.2248 1.0 0.4888
26654.33 0.5000 0.5037 637.4359 626.4086 1.0 0.4968
26768.64 0.5000 0.5125 664.6277 627.0352 1.0 0.4878
26882.92 0.5000 0.5035 637.5775 627.2080 1.0 0.4880
26997.24 0.5000 0.4941 609.2703 626.9139 1.0 0.4938
27111.51 0.5000 0.5053 643.2137 627.1811 1.0 0.4977
27225.79 0.5000 0.5002 627.7468 627.1904 1.0 0.4855
27340.06 0.5000 0.5069 648.3158 627.5367 1.0 0.4827
27454.33 0.5000 0.4993 625.4066 627.5018 1.0 0.4820
27568.62 0.5000 0.4907 599.2671 627.0389 1.0 0.4791
27682.86 0.5000 0.4958 614.3374 626.8307 1.0 0.4844
27797.07 0.5000 0.5041 639.4638 627.0378 1.0 0.4860
27911.38 0.5000 0.5006 628.7608 627.0661 1.0 0.5051
28025.70 0.5000 0.5016 631.9737 627.1465 1.0 0.4843
28139.92 0.5000 0.4992 624.6691 627.1059 1.0 0.5182
28254.20 0.5000 0.4998 626.5548 627.0969 1.0 0.4912
28368.48 0.5000 0.5088 653.9639 627.5373 1.0 0.4875
28482.66 0.5000 0.5108 660.5807 628.0790 1.0 0.4927
28596.98 0.5000 0.5096 657.5002 628.5613 1.0 0.4922
28711.18 0.5000 0.5087 654.9680 628.9942 1.0 0.5087
28825.43 0.5000 0.5196 688.8839 629.9760 1.0 0.5020
28939.68 0.5000 0.5149 675.5056 630.7224 1.0 0.5170
29053.96 0.5000 0.5181 686.0568 631.6295 1.0 0.4998
29168.15 0.5000 0.5148 676.7244 632.3688 1.0 0.5299
29282.38 0.5000 0.5224 700.6946 633.4889 1.0 0.5064
29396.66 0.5000 0.5165 683.7076 634.3121 1.0 0.5087
29510.94 0.5000 0.5206 697.0070 635.3399 1.0 0.5022
29625.21 0.5000 0.5190 693.3558 636.2910 1.0 0.5024
29739.49 0.5000 0.5145 680.6258 637.0178 1.0 0.5113
29853.77 0.5000 0.5138 679.0057 637.7061 1.0 0.5054
29968.04 0.5000 0.5224 705.9337 638.8246 1.0 0.5045
30082.32 0.5000 0.5200 699.7082 639.8227 1.0 0.5038
30196.54 0.5000 0.5208 703.2502 640.8625 1.0 0.5129
30310.83 0.5000 0.5195 700.3328 641.8374 1.0 0.5165
30425.05 0.5000 0.5278 726.6675 643.2281 1.0 0.5020
30539.37 0.5000 0.5161 692.4291 644.0347 1.0 0.5309
30653.58 0.5000 0.5170 696.0084 644.8867 1.0 0.5008
30767.81 0.5000 0.5224 713.2224 646.0069 1.0 0.4971
30882.04 0.5000 0.5175 699.4143 646.8825 1.0 0.4986
30996.32 0.5000 0.5112 681.1184 647.4437 1.0 0.4994
31110.64 0.5000 0.5193 706.2939 648.4085 1.0 0.5032
31224.92 0.5000 0.5099 678.5160 648.9020 1.0 0.5018
31339.19 0.5000 0.5113 683.4821 649.4689 1.0 0.4995
31453.46 0.5000 0.5134 690.3089 650.1384 1.0 0.4936
31567.78 0.5000 0.5105 682.3043 650.6657 1.0 0.5052
31682.01 0.5000 0.5179 705.2562 651.5607 1.0 0.4919
31796.27 0.5000 0.5071 673.1919 651.9153 1.0 0.5323
31910.53 0.5000 0.5097 681.3750 652.3982 1.0 0.5034
32024.81 0.5000 0.5119 688.6728 652.9929 1.0 0.4937
32139.04 0.5000 0.5170 704.8389 653.8428 1.0 0.5044
32253.24 0.5000 0.5069 674.9735 654.1892 1.0 0.4854
32367.51 0.5000 0.5025 661.9219 654.3160 1.0 0.5284
32481.76 0.5000 0.5100 684.7309 654.8146 1.0 0.4855
32596.00 0.5000 0.5040 667.1416 655.0167 1.0 0.4921
32710.26 0.5000 0.5050 670.1311 655.2645 1.0 0.5018
32824.44 0.5000 0.5020 661.4508 655.3659 1.0 0.4971
32938.70 0.5000 0.5054 671.7447 655.6344 1.0 0.5366
33052.99 0.5000 0.5171 707.7570 656.4888 1.0 0.5066
33167.27 0.5000 0.5103 687.9974 657.0054 1.0 0.4923
33281.44 0.5000 0.5021 663.4235 657.1106 1.0 0.4938
33395.77 0.5000 0.5113 691.6076 657.6761 1.0 0.4877
33510.04 0.5000 0.5056 674.6173 657.9538 1.0 0.4962
33624.32 0.5000 0.5086 684.1569 658.3834 1.0 0.5006
33738.59 0.5000 0.5108 691.4328 658.9252 1.0 0.4949
33852.86 0.5000 0.5149 704.3696 659.6702 1.0 0.5275
33967.18 0.5000 0.5162 709.1296 660.4810 1.0 0.4969
34081.45 0.5000 0.5116 695.9488 661.0624 1.0 0.5057
34195.72 0.5000 0.5119 697.4177 661.6584 1.0 0.5253
34310.05 0.5000 0.5250 737.8721 662.9078 1.0 0.5071
34424.36 0.5000 0.5253 739.9769 664.1713 1.0 0.5040
34538.64 0.5000 0.5185 720.4892 665.0945 1.0 0.4968
34652.92 0.5000 0.5201 726.3619 666.0989 1.0 0.4970
34767.19 0.5000 0.5117 701.8481 666.6849 1.0 0.5099
34881.50 0.5000 0.5115 701.6905 667.2588 1.0 0.4937
34995.77 0.5000 0.5053 683.5135 667.5253 1.0 0.4831
35110.04 0.5000 0.4983 662.4322 667.4418 1.0 0.4860
35224.32 0.5000 0.5010 670.3599 667.4896 1.0 0.4890
35338.59 0.5000 0.5061 686.1446 667.7954 1.0 0.5102
35452.77 0.5000 0.5029 676.7052 667.9415 1.0 0.4982
35566.99 0.5000 0.5089 695.1779 668.3880 1.0 0.5166
35681.31 0.5000 0.5139 710.8977 669.0849 1.0 0.4956
35795.53 0.5000 0.5000 668.9796 669.0831 1.0 0.4860
35909.80 0.5000 0.5006 670.9296 669.1134 1.0 0.4978
36024.06 0.5000 0.5074 691.7800 669.4850 1.0 0.4933
36138.34 0.5000 0.5142 712.9107 670.1969 1.0 0.4964
36252.61 0.5000 0.5087 696.8099 670.6332 1.0 0.5016
36366.88 0.5000 0.5152 716.8753 671.3912 1.0 0.4996
36481.15 0.5000 0.5210 735.5303 672.4427 1.0 0.5269
36595.47 0.5000 0.5178 726.7952 673.3337 1.0 0.5018
36709.79 0.5000 0.5172 725.7333 674.1927 1.0 0.5005
36824.10 0.5000 0.5152 720.6162 674.9538 1.0 0.5014
36938.41 0.5000 0.5153 721.7115 675.7203 1.0 0.5011
37052.68 0.5000 0.5174 728.7390 676.5895 1.0 0.5152
37166.93 0.5000 0.5051 692.1667 676.8448 1.0 0.4925
37281.20 0.5000 0.5101 707.7740 677.3519 1.0 0.4929
37395.43 0.5000 0.5128 716.3646 677.9914 1.0 0.4904
37509.70 0.5000 0.5146 722.5015 678.7211 1.0 0.4939
37623.95 0.5000 0.5062 697.7193 679.0325 1.0 0.5083
37738.14 0.5000 0.5125 717.1790 679.6579 1.0 0.5037
37852.42 0.5000 0.5104 711.3412 680.1773 1.0 0.4955
37966.67 0.5000 0.5147 724.9287 680.9109 1.0 0.5016
38080.85 0.5000 0.5148 726.1764 681.6530 1.0 0.4957
38195.16 0.5000 0.5068 702.4587 681.9940 1.0 0.4998
38309.43 0.5000 0.5097 711.4956 682.4777 1.0 0.4934
38423.70 0.5000 0.5136 723.9737 683.1579 1.0 0.5150
38537.93 0.5000 0.5064 702.5912 683.4765 1.0 0.4906
38652.24 0.5000 0.5121 720.3273 684.0806 1.0 0.4973
38766.43 0.5000 0.5051 699.7304 684.3372 1.0 0.5076
38880.70 0.5000 0.5064 703.9281 684.6583 1.0 0.4926
38995.00 0.5000 0.5068 705.5272 685.0005 1.0 0.4937
39109.27 0.5000 0.5040 697.1781 685.2001 1.0 0.4888
39223.58 0.5000 0.5117 721.0355 685.7876 1.0 0.4961
39337.90 0.5000 0.5095 714.8791 686.2645 1.0 0.4855
39452.22 0.5000 0.5025 693.9941 686.3912 1.0 0.5117
39566.54 0.5000 0.5010 689.4642 686.4416 1.0 0.4835
39680.85 0.5000 0.5052 702.2734 686.7011 1.0 0.4797
39795.12 0.5000 0.4950 671.5977 686.4535 1.0 0.4779
39909.39 0.5000 0.4905 657.3305 685.9761 1.0 0.4720
40023.66 0.5000 0.4911 658.8214 685.5309 1.0 0.4817
40137.93 0.5000 0.4947 669.4282 685.2669 1.0 0.4759
40252.21 0.5000 0.4879 648.3618 684.6619 1.0 0.4802
40366.48 0.5000 0.4920 660.3839 684.2639 1.0 0.4712
40480.69 0.5000 0.4877 646.7036 683.6482 1.0 0.4807
40594.91 0.5000 0.4867 643.0761 682.9831 1.0 0.4851
40709.19 0.5000 0.4943 665.6438 682.6988 1.0 0.4959
40823.45 0.5000 0.4937 663.6178 682.3860 1.0 0.4793
40937.69 0.5000 0.4959 670.0076 682.1831 1.0 0.5190
41051.96 0.5000 0.4956 668.8497 681.9645 1.0 0.4900
41166.20 0.5000 0.5070 703.1988 682.3126 1.0 0.4818
41280.45 0.5000 0.4978 675.6259 682.2030 1.0 0.4858
41394.69 0.5000 0.5016 687.1027 682.2833 1.0 0.4848
41508.98 0.5000 0.4976 674.9653 682.1634 1.0 0.4988
41623.21 0.5000 0.5011 685.5458 682.2188 1.0 0.4800
41737.52 0.5000 0.4919 657.4675 681.8130 1.0 0.5040
41851.79 0.5000 0.5013 685.6348 681.8757 1.0 0.4845
41966.07 0.5000 0.4954 667.7949 681.6449 1.0 0.4831
42080.38 0.5000 0.4991 678.9261 681.6003 1.0 0.5012
42194.65 0.5000 0.4902 651.6489 681.1093 1.0 0.4774
42308.92 0.5000 0.4915 655.1366 680.6835 1.0 0.4783
42423.19 0.5000 0.4939 662.1298 680.3793 1.0 0.4966
42537.46 0.5000 0.5048 695.0098 680.6192 1.0 0.4832
42651.73 0.5000 0.4953 666.2731 680.3840 1.0 0.4847
42765.93 0.5000 0.4944 663.3230 680.1043 1.0 0.4833
42880.18 0.5000 0.4978 673.2616 679.9921 1.0 0.4804
42994.46 0.5000 0.4998 679.4837 679.9838 1.0 0.4948
43108.71 0.5000 0.4971 671.1198 679.8385 1.0 0.4922
43222.90 0.5000 0.5006 681.5291 679.8662 1.0 0.4920
43337.18 0.5000 0.5065 699.6171 680.1900 1.0 -4.1450
43451.45 0.5000 0.5059 698.2662 680.4863 1.0 0.4898
43565.69 0.5000 0.5043 693.6695 680.7024 1.0 0.5045
43679.94 0.5000 0.5043 693.9471 680.9196 1.0 0.4980
43794.19 0.5000 0.5133 721.3510 681.5824 1.0 0.4935
43908.43 0.5000 0.5025 689.2681 681.7084 1.0 0.5036
44022.68 0.5000 0.5088 708.6865 682.1506 1.0 0.4965
44136.93 0.5000 0.5031 691.7437 682.3079 1.0 0.4973
44251.18 0.5000 0.5125 720.3034 682.9308 1.0 0.4944
44365.43 0.5000 0.5031 692.3206 683.0847 1.0 0.4882
44479.68 0.5000 0.4998 682.4351 683.0741 1.0 0.4892
44593.95 0.5000 0.4981 677.3863 682.9808 1.0 0.4783
44708.22 0.5000 0.4936 663.5051 682.6615 1.0 0.4894
44822.43 0.5000 0.5012 686.3056 682.7213 1.0 0.4832
44936.72 0.5000 0.4915 656.6576 682.2940 1.0 0.5092
45051.04 0.5000 0.5108 715.1024 682.8319 1.0 0.4902
45165.36 0.5000 0.5068 703.6236 683.1727 1.0 0.4873
45279.68 0.5000 0.4977 676.1944 683.0583 1.0 0.5036
45394.00 0.5000 0.5005 684.5915 683.0834 1.0 0.4924
45508.26 0.5000 0.5034 693.5666 683.2553 1.0 0.4889
45622.54 0.5000 0.5025 690.9879 683.3821 1.0 0.4946
45736.75 0.5000 0.5102 714.4533 683.8914 1.0 0.4861
45850.98 0.5000 0.5081 708.5608 684.2958 1.0 0.5041
45965.30 0.5000 0.5032 693.9546 684.4542 1.0 0.4974
46079.55 0.5000 0.5124 722.2172 685.0732 1.0 0.4935
46193.82 0.5000 0.5103 716.4779 685.5881 1.0 0.4949
46308.15 0.5000 0.5061 704.3111 685.8950 1.0 0.4816
46422.47 0.5000 0.5043 698.9273 686.1087 1.0 0.4981
46536.73 0.5000 0.5030 695.2191 686.2580 1.0 0.4880
46650.93 0.5000 0.5079 710.4389 686.6544 1.0 0.5167
46765.20 0.5000 0.5046 700.6297 686.8835 1.0 0.4986
46879.43 0.5000 0.5084 712.3713 687.3013 1.0 0.4979
46993.68 0.5000 0.5123 724.8321 687.9166 1.0 0.4992
47107.95 0.5000 0.5086 714.0950 688.3458 1.0 0.4996
47222.22 0.5000 0.5093 716.6583 688.8099 1.0 0.5063
47336.47 0.5000 0.5170 740.6178 689.6592 1.0 0.4978
47450.75 0.5000 0.5073 712.0370 690.0261 1.0 0.4946
47565.03 0.5000 0.5156 737.4972 690.8043 1.0 0.5085
47679.27 0.5000 0.5110 724.4872 691.3565 1.0 0.4978
47793.45 0.5000 0.5078 715.0910 691.7455 1.0 0.4963
47907.77 0.5000 0.5102 722.9461 692.2570 1.0 0.4990
48022.04 0.5000 0.5113 726.8445 692.8240 1.0 0.5191
48136.32 0.5000 0.5213 757.9228 693.8912 1.0 0.5049
48250.52 0.5000 0.5168 744.9888 694.7289 1.0 0.4988
48364.76 0.5000 0.5185 751.2360 695.6552 1.0 0.5055
48479.05 0.5000 0.5210 759.7327 696.7057 1.0 0.5007
48593.33 0.5000 0.5167 747.5061 697.5385 1.0 0.5129
48707.52 0.5000 0.5122 734.8292 698.1498 1.0 0.5011
48821.74 0.5000 0.5185 754.5065 699.0737 1.0 0.5231
48936.01 0.5000 0.5200 759.9278 700.0713 1.0 0.4997
49050.32 0.5000 0.5133 740.7113 700.7375 1.0 0.4963
49164.63 0.5000 0.5102 731.8738 701.2480 1.0 0.4978
49278.95 0.5000 0.5077 724.8515 701.6349 1.0 0.4952
49393.27 0.5000 0.5070 723.1235 701.9872 1.0 0.5025
49507.51 0.5000 0.5073 724.1587 702.3506 1.0 0.4823
49621.77 0.5000 0.4987 698.2417 702.2833 1.0 0.5054
49736.01 0.5000 0.4972 693.7633 702.1436 1.0 0.4733
49850.22 0.5000 0.4924 678.8982 701.7625 1.0 0.4762
49964.54 0.5000 0.4968 691.9144 701.6011 1.0 0.4849
50078.81 0.5000 0.4883 665.8512 701.0150 1.0 0.4768
50193.08 0.5000 0.4878 663.8662 700.4060 1.0 0.4786
50307.36 0.5000 0.4927 678.0834 700.0401 1.0 0.4871
50421.55 0.5000 0.4909 672.3579 699.5863 1.0 0.4818
50535.79 0.5000 0.4960 687.5152 699.3884 1.0 0.5092
50650.09 0.5000 0.5030 708.4081 699.5363 1.0 0.4876
50764.34 0.5000 0.5018 705.1106 699.6276 1.0 0.4854
50878.61 0.5000 0.5035 710.4216 699.8046 1.0 0.4988
50992.86 0.5000 0.5037 711.2132 699.9916 1.0 0.4809
51107.14 0.5000 0.4978 693.2602 699.8813 1.0 0.4840
51221.38 0.5000 0.5027 708.1927 700.0175 1.0 0.4913
51335.56 0.5000 0.5020 706.1432 700.1179 1.0 0.4921
51449.88 0.5000 0.5015 704.7932 700.1946 1.0 0.5132
51564.15 0.5000 0.5022 706.9574 700.3054 1.0 0.4938
51678.35 0.5000 0.5098 730.2355 700.7961 1.0 0.4908
51792.58 0.5000 0.5078 724.4946 701.1846 1.0 0.5015
51906.90 0.5000 0.5071 722.6873 701.5371 1.0 0.5010
52021.11 0.5000 0.5137 743.2759 702.2214 1.0 0.5295
52135.41 0.5000 0.5136 743.7173 702.9016 1.0 0.4954
52249.69 0.5000 0.5099 733.1932 703.3982 1.0 0.5009
52364.00 0.5000 0.5095 732.4940 703.8752 1.0 0.5139
52478.32 0.5000 0.5140 746.5854 704.5753 1.0 0.4951
52592.59 0.5000 0.5074 727.2491 704.9470 1.0 0.4976
52706.86 0.5000 0.5165 755.4080 705.7743 1.0 0.5072
52821.06 0.5000 0.5172 758.1631 706.6331 1.0 0.5031
52935.38 0.5000 0.5160 755.5453 707.4349 1.0 0.5283
53049.66 0.5000 0.5122 744.6535 708.0451 1.0 0.4992
53163.90 0.5000 0.5126 746.5350 708.6761 1.0 0.5018
53278.15 0.5000 0.5091 736.4221 709.1309 1.0 0.5106
53392.40 0.5000 0.5125 747.2289 709.7555 1.0 0.4886
53506.59 0.5000 0.5070 731.2010 710.1070 1.0 0.5175
53620.90 0.5000 0.5006 711.8031 710.1349 1.0 0.4916
53735.12 0.5000 0.4963 698.8051 709.9491 1.0 0.4780
53849.37 0.5000 0.4938 691.0415 709.6392 1.0 0.4839
53963.64 0.5000 0.4939 691.1764 709.3365 1.0 0.4714
54077.83 0.5000 0.4882 673.2527 708.7450 1.0 0.4991
54192.05 0.5000 0.4955 695.0950 708.5212 1.0 0.4723
54306.37 0.5000 0.4909 680.8889 708.0682 1.0 0.4657
54420.62 0.5000 0.4848 661.6810 707.3077 1.0 0.4711
54534.89 0.5000 0.4806 648.0360 706.3361 1.0 0.4622
54649.08 0.5000 0.4812 648.9978 705.3961 1.0 0.4726
54763.39 0.5000 0.4793 642.3339 704.3623 1.0 0.4657
54877.66 0.5000 0.4767 633.1715 703.1952 1.0 0.4851
54991.93 0.5000 0.4775 634.5537 702.0700 1.0 0.4691
55106.18 0.5000 0.4802 641.7031 701.0803 1.0 0.4718
55220.46 0.5000 0.4839 651.9053 700.2742 1.0 0.4646
55334.73 0.5000 0.4811 642.6462 699.3295 1.0 0.4574
55448.92 0.5000 0.4758 625.5068 698.1193 1.0 0.4625
55563.11 0.5000 0.4738 618.3605 696.8117 1.0 0.4563
55677.35 0.5000 0.4704 606.4340 695.3301 1.0 0.4785
55791.63 0.5000 0.4819 640.1748 694.4260 1.0 0.4715
55905.90 0.5000 0.4807 635.5935 693.4615 1.0 0.4690
56020.22 0.5000 0.4828 641.1125 692.6033 1.0 0.4769
56134.47 0.5000 0.4876 654.7714 691.9831 1.0 0.4731
56248.68 0.5000 0.4942 674.3025 691.6933 1.0 0.4887
56362.91 0.5000 0.4940 673.4641 691.3944 1.0 0.4711
56477.14 0.5000 0.4919 666.5646 690.9874 1.0 0.4780
56591.38 0.5000 0.4936 671.5811 690.6692 1.0 0.4960
56705.60 0.5000 0.5002 691.3244 690.6800 1.0 0.4906
56819.88 0.5000 0.4976 683.4361 690.5612 1.0 0.4806
56934.16 0.5000 0.4992 687.9921 690.5191 1.0 0.4771
57048.35 0.5000 0.4936 670.9163 690.1978 1.0 0.4799
57162.66 0.5000 0.4926 667.6327 689.8278 1.0 0.4767
57276.94 0.5000 0.4932 668.9801 689.4861 1.0 0.4786
57391.15 0.5000 0.4893 656.7656 688.9497 1.0 0.4717
57505.37 0.5000 0.4913 662.3697 688.5139 1.0 0.5119
57619.68 0.5000 0.4902 658.7044 688.0253 1.0 0.4845
57733.95 0.5000 0.4887 653.5988 687.4609 1.0 0.4794
57848.14 0.5000 0.4991 684.5800 687.4137 1.0 0.5106
57962.45 0.5000 0.4964 676.4486 687.2339 1.0 0.4747
58076.69 0.5000 0.4878 650.1337 686.6257 1.0 0.4746
58190.93 0.5000 0.4941 668.7504 686.3327 1.0 0.5017
58305.20 0.5000 0.4879 649.3513 685.7264 1.0 0.4739
58419.52 0.5000 0.4791 622.0571 684.6827 1.0 0.4642
58533.84 0.5000 0.4781 617.8511 683.5871 1.0 0.4658
58648.16 0.5000 0.4806 624.4008 682.6168 1.0 0.4736
58762.43 0.5000 0.4868 642.3800 681.9572 1.0 0.4698
58876.70 0.5000 0.4769 611.4785 680.8018 1.0 0.4680
58990.98 0.5000 0.4805 621.3743 679.8276 1.0 0.4858
59105.21 0.5000 0.4855 635.5977 679.1025 1.0 0.4825
59219.40 0.5000 0.4973 670.7813 678.9661 1.0 0.5061
59333.72 0.5000 0.4948 662.9882 678.7041 1.0 0.4871
59448.00 0.5000 0.4986 674.3535 678.6328 1.0 0.4868
59562.19 0.5000 0.5008 680.9964 678.6716 1.0 0.4965
59676.46 0.5000 0.5011 681.9689 678.7256 1.0 0.4862
59790.68 0.5000 0.5008 681.1507 678.7654 1.0 0.4957
59905.00 0.5000 0.5021 685.1242 678.8696 1.0 0.4964
60019.23 0.5000 0.5031 688.2502 679.0234 1.0 0.4930
60133.50 0.5000 0.5092 707.1743 679.4849 1.0 0.5040
60247.77 0.5000 0.4980 673.4534 679.3860 1.0 0.4912
60362.05 0.5000 0.5021 685.8439 679.4919 1.0 0.4887
60476.32 0.5000 0.5010 682.4240 679.5399 1.0 0.4863
60590.59 0.5000 0.4972 671.0880 679.4014 1.0 0.4847
60704.87 0.5000 0.4967 669.2928 679.2357 1.0 0.4975
60819.18 0.5000 0.4991 676.6102 679.1926 1.0 0.4857
60933.51 0.5000 0.4998 678.6489 679.1837 1.0 0.4847
61047.85 0.5000 0.4980 672.9886 679.0822 1.0 0.4924
61162.17 0.5000 0.4946 662.6604 678.8130 1.0 0.4912
61276.48 0.5000 0.5048 693.3278 679.0509 1.0 0.4899
61390.77 0.5000 0.5104 710.8394 679.5720 1.0 0.4889
61505.06 0.5000 0.5004 680.7461 679.5913 1.0 0.4887
61619.35 0.5000 0.4967 669.5611 679.4268 1.0 0.5047
61733.64 0.5000 0.5031 688.9834 679.5835 1.0 0.4847
61847.86 0.5000 0.4987 675.6525 679.5191 1.0 0.4835
61962.13 0.5000 0.5016 684.4941 679.6006 1.0 0.4864
62076.35 0.5000 0.4962 667.8710 679.4083 1.0 0.4757
62190.66 0.5000 0.4907 651.0907 678.9441 1.0 0.4761
62304.95 0.5000 0.4874 640.4982 678.3138 1.0 0.4777
62419.16 0.5000 0.4952 663.6215 678.0730 1.0 0.4759
62533.47 0.5000 0.4919 653.3285 677.6673 1.0 0.4928
62647.70 0.5000 0.4956 664.2109 677.4467 1.0 0.4812
62761.97 0.5000 0.4871 637.9843 676.7998 1.0 0.4794
62876.27 0.5000 0.4930 655.5163 676.4509 1.0 0.4855
62990.47 0.5000 0.4972 668.0552 676.3133 1.0 0.4863
63104.80 0.5000 0.4943 658.9365 676.0284 1.0 0.5088
63219.08 0.5000 0.4952 661.4826 675.7900 1.0 0.4891
63333.36 0.5000 0.5062 694.7264 676.1004 1.0 0.4876
63447.65 0.5000 0.4956 662.8096 675.8825 1.0 0.4975
63561.94 0.5000 0.5063 695.0658 676.1970 1.0 0.4865
63676.23 0.5000 0.4978 669.3413 676.0846 1.0 0.4785
63790.51 0.5000 0.5014 680.4969 676.1569 1.0 0.4789
63904.79 0.5000 0.5039 688.1194 676.3530 1.0 0.4807
64019.08 0.5000 0.4969 666.8141 676.1967 1.0 0.5084
64133.37 0.5000 0.4966 665.8987 676.0278 1.0 0.4894
64247.65 0.5000 0.5031 685.5285 676.1836 1.0 0.4858
64361.94 0.5000 0.4975 668.5665 676.0587 1.0 0.4942
64476.22 0.5000 0.5013 680.1365 676.1256 1.0 0.4812
64590.42 0.5000 0.4974 668.0771 675.9936 1.0 0.4827
64704.71 0.5000 0.4968 666.1454 675.8322 1.0 0.4908
64818.90 0.5000 0.5060 694.0976 676.1316 1.0 0.4782
64933.13 0.5000 0.4894 643.7435 675.6007 1.0 0.4903
65047.45 0.5000 0.5015 680.3105 675.6779 1.0 0.4810
65161.66 0.5000 0.4919 651.0660 675.2744 1.0 0.4830
65275.97 0.5000 0.4966 664.9655 675.1054 1.0 0.4786
65390.18 0.5000 0.4914 648.8964 674.6757 1.0 0.4707
65504.40 0.5000 0.4880 638.1007 674.0762 1.0 0.4906
65618.72 0.5000 0.4902 644.2319 673.5869 1.0 0.4795
65733.01 0.5000 0.4933 653.2271 673.2531 1.0 0.4776
65847.29 0.5000 0.4925 650.2283 672.8757 1.0 0.4836
65961.58 0.5000 0.5003 673.6531 672.8884 1.0 0.4760
66075.86 0.5000 0.4895 640.8530 672.3633 1.0 0.5003
66190.15 0.5000 0.4949 656.8678 672.1092 1.0 0.4718
66304.39 0.5000 0.4941 654.0021 671.8124 1.0 0.4832
66418.68 0.5000 0.4928 649.7500 671.4507 1.0 0.4814
66532.97 0.5000 0.4937 652.3367 671.1374 1.0 0.4863
66647.25 0.5000 0.4974 663.2325 671.0078 1.0 0.5146
66761.54 0.5000 0.4968 661.3163 670.8489 1.0 0.4807
66875.82 0.5000 0.4969 661.2518 670.6916 1.0 0.4844
66990.16 0.5000 0.4992 668.2098 670.6509 1.0 0.5000
67104.49 0.5000 0.5102 701.6968 671.1598 1.0 0.4895
67218.74 0.5000 0.5038 682.8485 671.3515 1.0 0.4898
67333.02 0.5000 0.5014 675.6652 671.4222 1.0 0.4999
67447.31 0.5000 0.5116 706.7684 672.0016 1.0 0.4831
67561.51 0.5000 0.5052 687.8277 672.2611 1.0 0.5065
67675.81 0.5000 0.4969 662.7645 672.1054 1.0 0.4837
67790.10 0.5000 0.4867 631.5659 671.4408 1.0 0.4847
67904.35 0.5000 0.4946 654.8372 671.1686 1.0 0.4917
68018.65 0.5000 0.4950 655.9938 670.9198 1.0 0.4853
68132.93 0.5000 0.5025 678.5343 671.0447 1.0 0.5049
68247.21 0.5000 0.4989 667.5377 670.9872 1.0 0.4871
68361.41 0.5000 0.4935 651.1732 670.6624 1.0 0.4795
68475.74 0.5000 0.5010 673.6455 670.7113 1.0 0.4867
68590.02 0.5000 0.5016 675.4653 670.7892 1.0 0.4841
68704.30 0.5000 0.5027 679.0747 670.9250 1.0 0.5099
68818.58 0.5000 0.4922 647.1631 670.5355 1.0 0.4838
68932.82 0.5000 0.5008 672.8585 670.5736 1.0 0.4806
69047.10 0.5000 0.4973 662.4624 670.4406 1.0 0.4904
69161.36 0.5000 0.5058 687.9942 670.7284 1.0 0.4900
69275.62 0.5000 0.5036 681.6396 670.9072 1.0 0.5006
69389.88 0.5000 0.4991 668.0455 670.8603 1.0 0.4802
69504.15 0.5000 0.4903 641.2052 670.3742 1.0 0.4803
69618.45 0.5000 0.4893 637.7746 669.8398 1.0 0.4875
69732.73 0.5000 0.4964 659.0079 669.6622 1.0 0.4784
69846.98 0.5000 0.4920 645.1634 669.2606 1.0 0.4932
69961.18 0.5000 0.4988 665.4618 669.1983 1.0 0.4886
70075.43 0.5000 0.4992 666.6446 669.1564 1.0 0.4741
70189.68 0.5000 0.4957 655.9151 668.9394 1.0 0.4805
70303.91 0.5000 0.4881 632.7725 668.3465 1.0 0.4760
70418.24 0.5000 0.4947 652.2032 668.0818 1.0 0.4945
70532.53 0.5000 0.4943 650.5741 667.7948 1.0 0.4829
70646.76 0.5000 0.4958 654.9615 667.5844 1.0 0.4803
70761.04 0.5000 0.4964 656.7526 667.4068 1.0 0.4864
70875.33 0.5000 0.4979 660.9209 667.3005 1.0 0.4779
70989.53 0.5000 0.4923 643.7108 666.9138 1.0 0.4943
71103.73 0.5000 0.4946 650.4475 666.6439 1.0 0.4861
71217.97 0.5000 0.4971 657.6755 666.4968 1.0 0.4869
71332.30 0.5000 0.4994 664.8085 666.4692 1.0 0.4747
71446.58 0.5000 0.4916 640.8913 666.0499 1.0 0.4738
71560.85 0.5000 0.4871 626.5737 665.4027 1.0 0.4839
71675.13 0.5000 0.4901 635.1621 664.9070 1.0 0.4795
71789.42 0.5000 0.4897 633.6212 664.3941 1.0 0.4741
71903.69 0.5000 0.4930 643.1196 664.0453 1.0 0.4836
72017.99 0.5000 0.5020 670.2569 664.1471 1.0 0.4725
72132.28 0.5000 0.4915 638.3675 663.7245 1.0 0.4926
72246.56 0.5000 0.4842 615.6687 662.9367 1.0 0.4765
72360.85 0.5000 0.4889 628.9450 662.3795 1.0 0.4734
72475.13 0.5000 0.4830 610.5006 661.5290 1.0 0.4863
72589.41 0.5000 0.4896 629.6667 661.0067 1.0 0.4751
72703.68 0.5000 0.4932 640.4130 660.6691 1.0 0.4754
72817.93 0.5000 0.4816 604.5093 659.7484 1.0 0.4822
72932.23 0.5000 0.4976 652.5461 659.6304 1.0 0.4785
73046.43 0.5000 0.4940 641.4393 659.3321 1.0 0.4736
73160.71 0.5000 0.4842 611.1450 658.5422 1.0 0.4713
73275.00 0.5000 0.4891 625.3767 657.9985 1.0 0.4821
73389.28 0.5000 0.4884 622.6775 657.4195 1.0 0.5021
73503.47 0.5000 0.4980 651.3708 657.3203 1.0 0.4831
73617.74 0.5000 0.4853 612.5237 656.5859 1.0 0.4726
73732.03 0.5000 0.4879 619.6231 655.9800 1.0 0.4767
73846.25 0.5000 0.4880 619.3545 655.3796 1.0 0.4718
73960.48 0.5000 0.4865 614.0906 654.7027 1.0 0.5003
74074.81 0.5000 0.4922 631.0449 654.3149 1.0 0.4714
74189.09 0.5000 0.4875 616.1966 653.6900 1.0 0.4677
74303.37 0.5000 0.4805 594.1270 652.7135 1.0 0.4680
74417.58 0.5000 0.4747 575.5259 651.4482 1.0 0.4673
74531.91 0.5000 0.4777 583.5649 650.3353 1.0 0.4717
74646.17 0.5000 0.4813 593.2804 649.4000 1.0 0.4806
74760.36 0.5000 0.4839 600.2155 648.5937 1.0 0.4673
74874.59 0.5000 0.4849 602.5980 647.8397 1.0 0.4802
74988.88 0.5000 0.4892 615.0083 647.3014 1.0 0.4796
75103.18 0.5000 0.4929 625.7917 646.9488 1.0 0.4952
75217.45 0.5000 0.4904 617.6171 646.4680 1.0 0.4673
75331.71 0.5000 0.4789 582.1012 645.4128 1.0 0.4767
75445.96 0.5000 0.4926 622.8586 645.0430 1.0 0.4905
75560.25 0.5000 0.4970 636.0352 644.8954 1.0 0.4693
75674.50 0.5000 0.4850 599.0375 644.1436 1.0 0.4760
75788.78 0.5000 0.4948 628.4219 643.8859 1.0 0.4701
75902.96 0.5000 0.4835 593.6592 643.0625 1.0 0.4676
76017.25 0.5000 0.4882 607.0591 642.4723 1.0 0.4902
76131.45 0.5000 0.4912 615.7758 642.0346 1.0 0.4734
76245.78 0.5000 0.4952 627.3651 641.7941 1.0 0.4790
76360.07 0.5000 0.4952 627.1461 641.5540 1.0 0.4899
76474.35 0.5000 0.4937 622.4800 641.2413 1.0 0.4892
76588.64 0.5000 0.4991 638.5935 641.1979 1.0 0.4915
76703.00 0.4949